216100
404
402
400
401
388
405
417
418
428
429
431
416
415
364
369
298
335
295
338
279
278
339
294
296
297
336
337
276
277
275
274
273
334
333
300
299
367
368
365
366
378
361
360
370
362
363
385
386
387
390
389
379
380
434
438
437
436
432
433
430
427
413
408
409
411
410
425
424
426
422
423
412
406
407
381
382
383
384
395
394
391
392
399
393
398
397
396
403
435
0
83
84
85
108
109
74
87
75
76
61
60
59
77
62
32
30
31
73
64
63
28
29
27
26
25
178
177
159
155
156
139
140
141
142
198
199
200
219
218
217
241
214
215
216
220
221
222
194
193
192
191
150
151
153
152
143
116
118
119
121
131
132
133
166
164
165
167
160
136
135
134
162
163
154
182
181
180
179
157
114
113
126
127
129
130
124
122
137
138
158
250
251
209
253
204
205
203
202
201
213
212
211
210
206
207
208
172
171
170
168
169
174
173
161
175
176
184
183
197
196
195
325
324
323
322
327
326
304
303
332
330
331
329
328
301
302
305
244
243
242
264
263
262
261
237
236
235
234
233
312
313
314
308
309
310
316
315
319
320
321
317
318
311
257
256
255
254
248
249
252
306
307
272
271
270
269
268
265
266
267
238
239
240
260
259
258
245
246
247
377
292
293
358
356
355
351
353
359
357
354
352
290
291
289
349
347
288
280
285
286
287
340
350
348
346
345
376
414
421
420
419
228
283
229
284
344
343
281
282
342
341
373
372
371
375
374
189
188
225
231
232
230
187
149
186
226
227
111
110
112
148
147
146
145
144
190
223
224
185
128
99
125
97
98
96
101
123
102
19
18
95
100
92
93
94
69
103
115
117
120
104
105
106
107
91
90
89
88
68
70
71
72
65
66
67
20
21
22
24
23
36
37
38
39
81
82
80
79
33
34
35
57
78
86
58
17
16
15
12
13
14
8
9
10
11
7
6
5
49
52
53
54
55
56
51
50
48
47
46
45
43
41
40
44
42
4
1
3
2
