1128520
2640
2652
2650
2527
2425
2512
2645
2688
2919
2942
2834
2788
3081
3120
3124
3056
2978
2953
2869
2892
2635
2781
2840
2782
2815
2801
2753
2839
2766
2861
2901
2924
2941
2952
2944
2918
2961
2998
3070
3041
3096
3012
3031
3035
2449
2535
2684
2663
2588
2554
2657
2802
2833
2772
3069
3121
3016
3103
3102
690
751
706
753
636
573
627
1371
1311
1376
1347
1197
1228
1251
1250
1249
1082
1038
1098
819
823
794
858
774
775
881
968
889
797
859
1080
981
1395
1394
1385
1301
1327
1199
1241
1380
1324
1306
1356
1343
377
380
505
313
354
336
404
464
489
754
724
696
685
678
691
718
697
698
734
726
645
587
517
578
679
703
755
482
454
431
709
711
660
480
450
479
451
445
672
639
656
641
631
637
603
642
619
510
400
316
351
379
345
507
497
2516
2551
2607
2677
2676
3108
2929
2955
2989
2851
2696
2808
2807
2835
2731
2576
2621
3090
3023
2982
2928
2991
3091
3082
2999
3049
2983
2920
2204
2222
2183
2466
2450
2336
2346
2321
2675
2207
2279
2273
2301
2318
2426
2455
2387
2319
2326
2395
2555
2655
2783
2816
2895
2622
2536
2561
2610
2792
2893
2732
2388
2363
2322
2362
2380
2269
2235
2180
2441
2418
2203
2208
2221
2287
2274
2185
2191
1645
1570
1527
1506
1855
1746
1817
1803
1760
1839
2013
1994
2080
2088
2050
2089
2153
1995
2003
2073
2139
2097
2127
1981
1858
1774
1759
1763
1778
1461
1556
1516
1534
1472
1490
1573
1611
1676
1715
1663
1587
1631
1649
1653
1654
1854
1737
1876
1868
1960
1965
2119
2096
2010
2023
1712
1927
1885
1884
1906
1844
1693
1677
1436
1561
1948
1941
1983
2072
1913
1869
1905
1940
1971
1963
1957
1881
1835
1723
1798
1832
1794
1851
2045
2095
2112
2049
2039
1975
1497
1853
1753
2105
2022
2044
1863
1909
1980
1895
1810
1675
1606
1458
1464
1553
1430
1531
1610
1659
1579
1661
1647
1456
1523
1695
1658
1828
1747
1639
1638
2152
2106
2061
2126
2093
2048
2028
2098
2016
2099
2135
2148
1947
1959
1964
1952
1883
1630
1563
1559
1477
1476
1433
1496
1542
1652
1915
1719
1646
1609
1850
1892
1974
1919
2054
2115
2053
2125
1729
1632
1603
1667
2134
2104
1821
1797
1526
1434
1771
1904
2111
2012
2261
2234
2954
3046
3042
2691
2858
2773
3105
3043
2990
2967
2971
3048
3047
2654
2630
2560
2509
2504
2862
2756
2664
2886
2429
2358
2333
2310
2317
2479
2629
2403
2386
2332
2445
2501
2568
2500
2692
2685
2755
2414
2357
2166
2220
2300
2249
2260
2653
2559
2508
2754
2829
2616
2557
2641
2169
2213
2236
2283
3076
2962
2945
2903
2902
2709
2514
2562
2558
2612
2646
2681
2611
2548
2209
2280
2239
2187
2270
2253
2210
2288
2603
2571
2524
2563
2617
2515
2497
2864
2889
2809
2689
3024
3044
3071
2985
2973
3093
3083
3115
2537
2631
2636
2595
2491
2470
2409
2992
3060
3050
2930
3017
2979
3092
3057
2972
2693
2896
2870
2757
2722
2846
2262
2338
2337
2422
2410
2678
2552
2517
2502
2795
2739
2704
2733
2863
2697
2758
2852
2793
2544
2545
2334
2372
2488
2404
2136
2035
1590
1589
1517
1524
1491
1448
1518
1505
1504
1599
1574
1613
1696
1987
2068
2137
2094
2065
1864
1861
1933
1990
1997
2138
1886
1877
1932
1961
1761
1748
1813
1597
1702
1902
1945
1910
1922
1882
1860
1840
1968
1986
2036
2120
1799
1811
1744
1735
1714
1800
2075
2082
1989
1872
1528
1482
1508
1555
1535
1426
1481
1554
1536
1492
1437
1656
1607
1564
1644
1685
1648
1793
1815
1713
1473
2373
2339
2381
2460
2451
2452
2162
2198
2263
2297
2392
2434
2396
2446
2290
2275
2157
2174
2158
2698
2759
3032
2956
2943
2854
2794
2872
2873
2784
2774
2714
3051
3026
3052
3122
3100
3025
3013
2528
2483
2572
2432
2353
2302
2284
2285
2240
2216
2182
2186
2596
2492
2538
2658
2694
2811
2820
2897
2853
2747
2350
2374
2340
2315
2412
2433
2471
2519
2589
2666
2175
2217
2241
2244
2155
2520
2613
2661
3072
2963
3018
2938
2911
2803
2796
2904
2871
2810
2632
2577
2549
2529
2518
2665
2311
2351
2430
2442
2149
2140
2081
2029
2056
2113
2067
2087
2025
2024
1928
1972
1976
1944
1916
2128
2090
2014
2030
2086
2107
2150
2091
1996
2037
2019
1953
1929
1937
2141
2116
2070
2017
1824
1792
1823
1779
1741
1859
1949
1991
1893
1871
1655
1571
1628
1612
1633
1453
1507
1447
1454
1588
1618
1643
1689
1739
1814
1441
1452
1967
1942
1870
1878
1890
1568
1604
1635
1562
1462
1425
1503
1598
1596
1943
1740
1822
1836
1032
1089
1073
1111
1037
1067
1048
1121
1118
999
1011
1230
1231
1180
1149
1181
1198
1258
1261
1333
1387
1412
1388
1422
1382
1322
1286
1307
1377
1364
1391
1417
1348
1289
1285
1105
1131
1104
1078
1036
1031
1046
1126
1332
787
789
790
836
861
809
768
843
934
973
965
998
1411
1361
1366
1282
1329
1194
1275
1274
1188
1221
1176
1211
1270
1139
1264
1248
1262
1189
1232
1271
1265
1177
966
989
940
1112
1053
1035
1064
1049
814
783
792
874
846
803
876
920
1012
982
925
935
953
815
81
75
67
54
55
64
49
71
213
198
189
174
156
185
197
175
212
209
176
154
165
295
269
253
227
225
247
95
99
90
139
148
134
136
121
103
118
11
18
38
39
21
20
17
37
41
93
133
127
249
250
229
241
29
40
23
144
132
108
98
102
47
45
72
86
69
58
149
142
125
89
230
218
237
260
236
251
279
298
281
280
278
243
224
191
207
210
200
166
158
194
223
259
291
246
1083
1057
1101
1030
1154
1178
1193
1192
1143
1186
1204
1402
1360
1293
893
911
927
1051
1102
1088
1026
849
850
860
992
939
907
952
938
826
808
788
820
878
946
765
781
875
972
956
886
777
782
1045
1144
1179
1130
1160
1187
1138
1136
1243
1297
1302
1404
1403
1363
1316
1365
1263
1315
1355
1281
1328
1015
1010
1063
1052
796
1075
1066
1229
1208
1203
1159
1156
1252
1209
1191
951
1018
1028
905
1336
1278
1284
1372
1381
810
776
885
978
904
1185
845
1006
1017
1023
1161
1354
1415
1378
1312
1357
1386
1416
394
373
487
470
453
399
328
327
413
599
529
557
516
614
564
475
617
616
630
740
744
713
623
503
492
436
496
566
515
681
665
202
267
256
188
417
422
483
437
459
424
538
522
511
524
320
322
375
402
368
309
317
513
499
504
530
471
432
405
307
393
386
369
370
321
319
340
401
365
337
339
387
355
330
391
594
543
550
549
561
528
531
501
546
661
611
577
576
606
612
498
493
559
560
675
752
692
735
680
476
438
409
444
458
477
596
610
652
749
738
739
676
625
575
591
583
677
699
719
1162
1210
1280
1295
1408
1201
1135
1175
1236
1242
1174
1120
1072
1050
996
1039
1321
1287
870
795
812
1220
1266
1331
1396
1339
1288
1260
1296
997
1020
1056
1087
1060
1061
1019
1029
1100
882
873
919
910
924
896
906
961
780
813
840
757
990
1200
1142
1239
1240
760
793
824
762
835
807
763
884
933
2264
2188
2156
2250
2255
2254
2170
2257
2354
2473
2472
2436
2443
2291
2211
2171
2569
2447
2323
2651
2427
2413
2342
2400
2416
2399
3027
3062
3109
3101
3000
3019
3061
3104
2724
2768
2931
2668
2506
2723
2887
2699
2760
2797
2775
2734
2905
2946
2939
3077
2767
2912
2667
2550
2505
2159
2243
2192
2415
2316
2382
2405
2327
2986
3053
3130
534
541
551
333
331
466
429
455
410
428
456
415
382
362
332
308
366
548
547
491
537
325
338
558
518
494
457
425
750
727
686
694
388
363
367
398
592
725
682
700
666
604
756
701
673
720
638
589
653
574
519
667
714
581
579
597
580
257
290
283
277
276
140
152
163
151
107
82
65
68
61
48
43
56
44
33
31
192
203
220
296
170
226
161
113
105
104
66
159
143
119
73
219
190
205
201
215
272
303
284
234
239
244
242
305
240
204
300
292
299
5247
5403
5592
5651
5541
5416
5348
5119
5031
4955
5043
5028
5052
4997
5019
5193
5497
5633
5620
5705
5647
5504
5067
5027
4188
4218
4135
4375
4290
4427
4450
4565
4482
4469
4777
4873
4809
4768
4500
4532
4821
4647
4654
4633
4690
4664
4738
4663
4297
4362
4412
4250
4100
4223
4245
4577
4514
4511
4060
4022
4021
4061
4095
3848
3908
3751
3631
3679
3473
3457
3505
3672
3716
3743
3830
4000
3984
3942
4008
3983
3902
4052
4029
3911
3659
3700
3608
3492
3841
3886
3758
3790
3380
3299
3361
3290
3521
5683
5590
5555
5612
5435
5396
4963
5079
5097
5332
5269
5146
5207
5347
5322
5313
4970
5451
5589
5632
5434
5441
5511
5259
5353
5152
5162
5135
5574
5640
5677
5558
5591
5530
5305
5637
5671
5051
4965
5206
5130
5198
5177
5154
5103
5010
5184
5382
5286
5425
5529
5478
5473
5071
5002
5011
5369
5378
5306
5704
5588
5599
5646
5554
5500
5489
5503
5370
5307
5645
3970
3570
3704
3601
3612
3509
3355
3651
3867
3773
3369
3339
3277
3211
3248
3278
3334
3540
3897
3901
4069
3958
3981
3737
3863
3384
3452
3496
3498
3442
3420
3735
3627
3576
3671
3175
3279
3344
3166
3217
6593
6816
6819
6792
6820
6848
7335
7225
7071
7077
7162
7110
7006
6842
6702
6589
6599
6584
7423
7294
7293
7130
6924
6883
6735
6750
6782
6917
7020
6953
7120
7182
7240
7351
7302
7336
7445
6668
6603
5228
5102
5127
5009
4991
5038
5205
5218
5058
4992
5088
5101
5144
5145
5166
5109
5346
5285
5469
5381
5573
5572
6158
6162
6110
6042
5923
5838
5811
5785
6396
6361
6491
6448
6465
6479
6364
6179
6119
6379
6258
6305
6202
5936
5991
6023
5740
5813
5770
5860
5763
5750
6000
5982
6083
6133
6103
4713
4734
4876
4232
4103
4264
4394
4530
4645
4737
4629
4689
4735
4495
4410
4316
4572
4843
4789
4320
4186
4217
4333
4153
4271
5289
5577
5534
5249
5368
5219
5138
5197
5142
5161
5046
5664
5303
5304
5264
5477
5670
5528
5402
5016
4986
5110
4993
5039
5246
5492
5437
5466
5395
5673
3637
3715
3980
4075
4046
3956
3896
3698
3330
3374
3855
3741
3742
3375
3520
3174
3310
3240
3495
3368
3138
3932
3449
3409
3294
3286
3165
3229
3635
3621
3477
3476
3400
3658
3645
3687
3699
3650
3531
3796
3768
3835
3815
4027
3957
4028
3761
4547
4740
4661
4703
4923
4494
4134
4235
4328
4339
4788
4917
4787
4670
4754
4421
4167
4255
4261
4133
4119
4273
4213
4436
4438
4406
4353
4589
4536
4548
4426
4884
4869
4783
4863
4849
4904
4804
4932
4909
4638
4374
4365
4192
4249
4283
4138
4474
4315
4560
4576
4774
4662
4332
4504
4569
4555
4109
4300
4439
4304
4422
4568
4449
4386
4256
4144
4588
4725
4929
4680
4877
4124
4145
4390
4440
4187
4227
4110
4537
4726
4639
4646
6242
6318
6462
6153
6115
6033
6038
6231
6222
6463
6377
6510
6456
6355
6147
6181
6441
6414
6017
5916
5886
5996
6010
5866
5924
5861
5793
5715
5830
6514
6444
6416
6357
6279
6089
6146
6341
6253
6250
5820
5741
5724
5739
5792
5967
5955
6152
6163
5885
7448
6977
7408
7487
7492
7477
7308
7190
7150
6975
7078
7034
7250
7103
6984
7073
7329
7530
7493
7529
7342
7319
7469
7276
7134
7268
7508
6675
6676
6729
6585
6632
6843
6909
6607
6837
6755
7169
6801
6625
6653
6624
6829
6771
6976
6690
6821
6896
6970
7446
7528
7500
7362
7307
6995
6954
7102
7241
7352
7353
7426
7524
7379
7149
7245
7254
7220
7481
7519
7121
7257
7111
7087
7072
6943
6955
6784
6724
6681
6688
6610
6611
6563
6689
6573
6684
6384
6362
6252
6105
6015
5937
6016
5786
6206
6125
6111
6199
6051
5954
5986
6286
6391
5953
6031
5964
6221
6084
6194
6180
5942
6059
5772
6150
6549
6461
6430
6482
6556
6435
6292
6340
6249
6390
6376
6302
6333
6466
6492
5751
5808
6039
5975
6040
5973
5938
6293
6314
6223
5782
5839
5760
5781
6164
6295
5734
5776
6060
6327
6312
6280
6141
6148
6159
6512
6480
6497
6422
6483
6467
6504
6537
6515
6400
6373
6313
6216
6251
6365
6207
5910
5930
5831
7058
7068
7256
7142
7168
7143
7486
7313
7026
6783
6901
6900
6908
6572
6674
6875
6849
6918
6980
6800
7518
7361
7411
7476
7306
7295
6665
6669
6606
7101
7133
7059
7475
7439
7458
6803
6701
6680
6578
7300
7334
7355
7148
6992
6979
6723
6588
6594
6602
6687
6763
6882
7081
7327
7285
5896
5749
5882
5876
6161
6076
6140
6487
6503
6455
6326
6082
6317
6230
6003
6429
3779
3818
3949
3757
3319
3233
3345
3532
3617
3885
3839
3630
3618
3179
3466
3465
3346
3453
3510
3460
3723
3590
3607
3143
3230
3212
3250
3401
3426
3443
3478
3340
3933
3999
4066
1514
1393
1443
1692
1785
1558
1466
1455
1849
1912
2008
1577
1700
1923
2042
2109
1984
2118
1710
1586
1585
1931
1939
7
36
13
46
101
106
16
26
128
76
85
84
112
172
126
214
57
221
222
135
238
196
465
442
448
670
542
555
421
414
420
407
359
357
265
302
315
343
488
473
342
263
297
285
318
364
356
423
411
372
378
408
395
396
348
350
349
311
286
287
288
344
306
449
463
462
508
563
643
602
607
478
467
439
570
595
649
565
512
658
632
569
540
527
586
180
233
193
232
116
160
199
206
184
173
169
167
147
100
490
520
461
371
657
521
506
646
647
613
567
584
532
526
403
416
273
310
268
304
346
289
446
374
609
544
633
264
293
702
662
634
621
1392
1582
1962
1898
1838
1843
1866
1889
1829
1812
1806
1827
1776
1775
1762
1584
1602
1583
1560
1520
1424
1423
1615
1608
1620
1621
1888
1897
1444
1484
1450
1673
1679
2032
1936
1938
1903
1894
1784
1501
1510
1576
1660
1485
1440
1445
1807
1791
1708
1701
1709
1783
1768
1680
1694
2018
1857
1842
1841
1918
1978
2020
2066
2062
2122
2076
486
474
485
385
376
360
435
361
525
460
347
545
535
671
695
688
655
684
628
689
443
392
275
266
640
687
693
635
588
572
390
430
326
312
324
412
484
469
659
651
620
654
626
624
539
598
329
274
397
427
514
533
481
509
523
556
571
582
605
705
710
683
664
650
615
629
618
384
440
608
418
271
262
335
228
182
245
168
123
155
141
120
252
231
181
122
124
25
51
248
183
146
255
187
117
97
60
50
34
42
2
3
10
110
94
79
83
92
63
80
111
12
1
6
30
186
27
59
62
114
258
211
254
164
145
9
53
35
28
52
217
195
216
138
91
96
157
130
153
162
178
179
74
77
115
70
22
15
8
24
32
19
14
5
4
87
129
88
109
78
208
177
137
131
150
171
235
585
568
495
644
389
426
314
261
323
353
294
334
419
381
674
708
648
669
704
663
600
553
593
552
554
590
622
668
707
472
301
282
270
406
502
500
468
452
601
562
536
447
433
441
341
352
383
358
434
856
855
908
942
913
929
854
1001
969
975
1043
1076
1059
1079
716
737
778
818
817
816
743
825
733
742
799
791
842
899
827
941
1040
1071
1000
974
970
1004
1003
1002
1044
1093
1129
1224
1256
1379
1294
1390
1277
1368
1308
1299
1255
1283
1304
1374
1219
1169
1196
1140
1122
1085
1125
1183
958
994
1158
1092
746
715
747
1300
1362
1238
1109
1110
1127
1146
1170
1222
1155
1234
1223
1128
928
917
937
912
922
916
852
853
903
1896
1934
1845
1924
1668
1575
1640
1410
1478
1764
1697
1698
1754
1804
2059
2004
1977
2040
2121
2083
2038
2051
2031
2108
2011
1998
1569
1498
1935
1907
1879
1686
1801
1818
1766
1736
1742
1914
1831
2084
1999
1917
1925
1958
1911
1846
1865
1765
1782
1716
1734
1787
1825
2006
2114
1629
1634
1619
1642
1413
1502
1449
1397
1435
1419
1438
1509
1538
1537
1591
1614
2965
2798
2453
2251
2233
2151
2876
2890
2719
3065
2736
2726
2836
2761
2690
2957
3008
3110
3094
3068
3078
3021
2949
2948
3118
2976
2489
2531
2223
2200
2364
2859
2776
2634
2164
2226
2480
2633
2469
2401
2598
2355
2462
2359
2848
2867
2841
2825
2844
2845
2683
2356
2421
2268
2144
2407
2649
2184
2627
2408
2145
2348
2513
2899
2534
2707
2936
2935
3088
2849
2391
2439
2883
2680
2937
3063
3111
2069
1982
2071
2047
2132
2046
2074
2131
2129
2130
2058
2092
2052
1592
1637
1650
1681
1622
1544
2026
2077
2021
2000
2015
1899
1954
1795
1725
1726
1727
1819
1862
1920
1921
1969
1867
1837
1731
1777
1751
1730
1769
1833
1834
1926
1955
1979
1951
1950
1900
1641
1530
1533
1460
1442
1399
1400
1414
1421
1474
1470
1511
1666
1657
1688
1687
1594
1732
1733
1781
1626
1665
1671
1674
1593
1549
1627
1469
1431
1468
1465
1467
1522
1463
1521
1420
1409
1401
1405
1418
1407
1406
1513
1432
1512
1540
1721
1780
1773
1572
1543
1684
1625
1547
1546
1624
1623
1545
1682
1683
2201
2247
2165
2281
2320
2578
2823
2786
2837
2474
2913
3087
2789
2143
2177
2592
2456
2511
2637
2643
3009
2431
2308
2286
2360
2672
2785
2193
2227
2419
2428
2411
2463
2437
2376
2324
2476
2475
2366
2361
2365
2276
2277
2205
2298
2267
2265
2237
2194
2256
2266
2304
2303
2314
2172
2195
2167
2487
2457
2495
2424
2406
2390
2368
2679
2614
2626
2580
2498
2523
2553
2564
2522
2486
2420
2367
2325
2423
2438
2490
2454
2686
2586
2546
2593
2533
2594
3127
3054
3033
2988
2981
3037
2843
2847
2908
2882
2743
2744
2745
2746
2769
2799
2727
2742
2778
2800
2706
2779
2702
2806
2879
2880
2881
2977
3003
2959
2994
2958
2987
3015
3029
3123
3098
2573
2599
2574
2532
2503
2824
2750
2738
2749
2763
2907
2898
2499
2539
2620
2619
2581
2565
2582
2583
2585
2584
2828
2894
2831
2705
2737
2777
2762
2748
2790
2909
2866
2814
2751
2770
2856
2813
3055
2969
2940
3038
3079
3085
3036
2980
2960
2540
2600
2541
2638
2464
2378
2370
2369
2328
2377
2496
1166
1148
1346
1319
960
786
730
892
945
830
764
995
1320
1273
1124
1184
1165
1117
1070
848
880
894
785
806
802
811
767
773
801
771
712
1269
1325
1257
1097
1123
1096
1095
1147
1173
1214
1141
1106
1116
1086
1153
1152
1164
1115
1094
1137
1022
986
955
950
1133
1134
1055
947
949
1309
1226
1375
1041
1025
1005
959
971
983
984
1042
890
871
926
930
931
900
891
868
864
828
838
839
759
722
748
1292
1342
1345
1272
1344
1310
1341
944
943
987
991
1008
1009
976
829
851
895
863
923
918
909
932
872
857
869
729
731
761
766
800
779
717
866
867
883
888
914
841
847
736
769
1237
1113
993
887
936
758
1245
1330
1013
1065
1077
1027
962
1150
1205
1195
1145
1167
1090
1099
1103
1217
1383
1068
954
897
921
915
831
832
865
967
1058
985
1033
1171
1091
1351
1337
1350
1246
1349
1334
721
821
798
844
1047
804
732
1358
1259
1267
1313
1340
1268
1352
770
741
834
957
902
805
745
901
833
963
1054
1225
1213
1069
964
1034
980
1081
822
784
772
862
877
1007
1114
1168
1163
1132
1359
1303
1276
1244
1290
1317
1353
1373
1233
1157
1016
1024
1014
1084
879
898
837
728
723
1151
1119
1206
1218
1215
1190
1182
1216
1298
1318
1338
1389
1384
1254
1253
1247
1291
1279
1314
979
1021
1212
1172
1788
1691
1699
1745
1772
1826
1805
1519
1439
1480
1500
1529
1605
1664
1636
1552
1451
1495
1525
1532
1427
1670
1557
1567
1551
1848
1756
1707
1548
1930
1891
1887
1847
1856
2057
1988
2005
2117
2034
2055
2007
1672
1669
1600
1565
1601
1566
1539
1580
1581
1678
1750
1718
1724
1706
1717
1720
1816
1398
1493
1489
1488
1487
1486
1459
1494
1499
1479
1483
1749
1789
1790
1738
1690
1705
1704
1767
1755
2041
2393
2444
2344
2199
2293
2389
2659
2494
2591
2525
2618
2648
2556
2530
2608
2647
2642
2604
2625
2984
2947
2993
2968
3066
3074
3097
3126
2975
3045
3067
3002
2933
2934
2812
2865
2682
2735
2713
2718
2712
2805
2874
2822
2875
2884
2974
3073
3125
3116
3028
3001
3020
2964
3084
3014
2925
2932
3007
3058
3106
2590
2521
2623
2510
2741
2878
2830
2740
2375
2258
2189
2142
2176
2181
2163
2906
2715
2711
2701
2671
2717
2817
2842
2821
2710
2725
2670
2669
2855
2461
2312
2383
2827
2804
2347
2313
2343
2597
2662
2570
2484
2485
2467
2493
2656
11367
11578
11466
11382
11372
11219
11244
11532
11617
11621
11616
11562
11667
11695
11705
11643
11687
11709
11727
11736
11537
11612
11572
11601
11345
11375
11454
11218
11240
11208
11396
11321
11213
11299
11549
11596
11504
11445
11649
8884
8722
8896
8981
8548
9205
9193
9338
9450
9367
9217
9438
9451
9325
9479
9305
9372
9092
8980
8645
8663
8706
8927
8716
8609
8646
8652
8730
8765
8664
8571
8795
8822
8996
9100
9286
9269
9250
9447
9509
9379
9473
9304
9172
9249
9291
9324
9461
9274
8940
9031
9168
9216
8903
8633
9110
9014
8843
8785
9433
9407
9319
8561
8805
8721
8979
8507
8878
8774
9073
9072
9160
9268
7567
7747
7704
8359
8256
8084
7938
7929
8083
7915
7806
7548
7638
7599
7703
7717
7871
7787
7598
7684
7649
7653
7658
8261
8240
8249
8468
8267
8260
8106
8327
8385
8480
8195
7800
7822
8035
8016
7976
8041
8076
7968
8153
8180
7670
7591
7616
7556
8233
8394
7776
7829
7830
8189
8413
8163
8355
8457
8467
8026
7942
7914
7560
7713
7821
7783
8117
8266
8374
8356
8440
8190
8336
8229
8118
8375
8458
8344
8042
7928
8095
8020
8428
8420
8313
8181
8054
7694
7671
7552
7919
8309
8486
7760
7831
8001
7746
7617
7583
7786
7867
7592
7553
7576
7723
7731
10475
10567
10576
10438
10442
10626
10627
10869
11030
10902
10955
11143
11079
10652
10850
10732
10824
10917
10525
10455
10432
10487
10721
10873
10608
10799
10767
10990
11017
11051
11105
11102
10969
10947
11647
11704
11451
11344
11422
11409
11439
11625
11697
11526
11478
11604
11577
11477
11480
11730
11713
11666
11740
11726
11626
11613
11623
11627
11450
11508
11517
11245
11308
11316
11177
11302
11253
11360
11342
11153
11142
10909
10674
10574
10672
10798
10952
11041
10529
10536
10505
10553
10563
10622
10709
10407
10552
10887
10856
10406
10638
10888
10727
10849
10828
10906
11133
11044
11077
11050
10616
10537
10399
10530
10497
10481
10437
10408
10524
10756
10735
10830
10543
10465
10575
10809
10715
10657
10617
10731
10998
11004
11022
11116
11037
11034
10868
10858
10829
10935
11082
11027
10603
10792
10766
8061
7913
7799
7820
7904
7982
8052
7878
7819
7804
8009
8025
8051
7956
8105
8456
8275
8264
8418
8354
8311
8339
8401
8188
8160
8419
7711
7563
7678
7712
7662
7782
7813
7629
7676
7594
7555
7611
7677
7734
7791
7896
7792
8243
8228
8358
7636
8755
9004
9282
9162
9142
9116
8995
8957
9191
8990
8539
8596
9237
9167
9082
9468
9389
9198
9273
9242
9500
8608
8713
8920
8614
8506
8590
8804
8821
9402
9588
9713
9901
9728
10039
10027
9732
9599
9706
9687
9561
9875
9594
9869
9841
10047
10377
10368
10259
10159
10118
10020
10177
10292
10087
10164
9543
9934
9991
9962
9633
9640
9851
9757
10252
10094
10178
10007
9932
10133
10286
10318
10238
10365
10265
10287
10306
10305
10095
9967
9985
10342
10269
10309
10338
9847
9539
9663
9618
9943
9595
9859
9767
9866
9876
9778
9787
10096
10170
9911
10150
10354
10352
10328
10215
9935
9789
9522
9557
9700
9788
10036
10097
9996
9993
9963
10083
10242
10288
9842
9870
10105
10156
10061
9915
9569
9816
9523
9604
11296
11325
11246
11710
11628
11544
11590
11492
11505
11668
11309
11234
11263
11328
11178
11503
11440
11716
11680
10362
10219
10053
9820
9823
9544
9511
9536
9529
9626
9811
9722
9948
9888
9992
10169
10378
10266
10040
10029
9537
9693
9925
9905
10385
10263
10314
10239
10384
10339
10369
10253
10179
10144
10112
9988
10102
10041
9793
9657
10687
10645
10733
10760
10573
10508
10501
10519
10409
10486
10542
10411
10448
10392
10855
10714
10843
10755
11012
10625
10686
10637
10921
11158
11062
10797
11049
11036
11132
11026
11172
10929
10428
10834
11269
11288
11741
11690
11733
11659
11589
11530
11547
11618
11495
11274
11221
11390
11531
11540
11428
11239
11207
11609
11586
11515
11404
11406
11415
11356
11212
11223
11646
11637
11655
11699
11715
11568
11476
11511
11675
11401
11341
11468
11494
11507
11631
11499
11436
11553
11608
11735
11665
11653
11371
11343
11370
11222
11273
11268
11198
11287
11228
11195
11488
11449
11485
11685
11694
11011
10419
10427
10472
10655
10636
10581
10570
10659
10951
10549
10391
10447
10451
10591
10562
10523
10518
10827
10934
10931
10701
10702
10764
11147
10814
11072
11157
10985
10763
10854
11162
11088
11033
10936
10901
9030
8674
8510
9137
8992
9302
9497
9318
9491
9501
9223
9258
9362
9346
8794
8847
8715
8673
8570
8778
8827
8526
8632
8991
9428
9355
8975
8939
8580
8517
8727
8541
8658
9051
9124
9429
9303
9192
10258
10225
10341
10304
10190
10149
9726
9632
9705
9564
9609
9717
10093
10211
10057
9904
10147
9615
9656
9761
9538
9686
9645
9584
9982
9961
10191
10276
10046
9990
10035
9727
8053
8067
8066
8091
7983
8363
8368
8427
8312
8218
8282
8402
7860
7582
7547
7648
7922
7846
8466
8364
8321
8265
8116
7989
8015
8255
8101
8176
7637
7655
7840
7805
7602
7595
7738
7847
7603
9094
9264
9163
9125
9194
9275
8717
8599
8677
8796
8797
9106
8598
8681
8687
8556
8695
8707
9008
9036
9206
9145
8789
8890
9412
9469
9306
9474
9411
9439
13641
13616
13585
13577
13478
13453
13438
13458
13415
13508
13545
13523
13578
13579
13441
13399
13440
13433
13400
13448
13507
13511
13596
13534
13547
13600
13544
13530
13510
13522
13416
13439
13460
13471
13413
13532
13457
13479
13418
13516
13550
13566
13581
13599
13576
14036
14035
14029
14025
14024
13999
14006
14012
14003
13994
13930
13914
13920
13938
13933
13952
13953
13983
13990
13966
13971
13957
13941
13961
13950
13923
13908
13912
13927
13982
13777
13782
13884
13823
13835
13852
13898
13829
13804
13785
13858
13880
13833
13837
13817
13870
13768
13775
13797
13840
13826
13799
13789
13774
13795
13814
13827
13772
13875
13854
13843
13836
13842
13661
13629
13638
13732
13713
13684
13683
13620
13604
13623
13628
13698
13706
13637
13668
13676
13767
13734
13711
13766
13743
13735
13631
13609
13664
13672
13652
13646
13689
13763
13745
13482
13493
13451
13420
13435
13408
13430
13428
13521
13484
13540
13594
13567
13598
13569
13564
13565
13431
13437
13452
13462
13498
13445
13518
13494
13465
13442
13541
13707
13640
13650
13633
13700
13705
13715
13729
13738
13694
13673
13612
13666
13647
13643
13692
13704
13748
13710
13726
13761
13622
13644
13762
13746
13693
13669
13606
13621
13613
13601
13495
13501
13548
13588
13602
13570
13556
13502
13463
13421
13461
13426
13446
13432
12183
12140
12064
12085
12180
12052
11952
11999
11761
11778
11877
11896
11915
12172
12135
11856
11845
12461
12271
12377
12387
12370
12526
12527
12507
12414
12417
12327
12234
12199
12323
12263
12218
12315
12292
12488
12486
12830
12831
12783
12664
12656
12578
12580
12631
12605
12620
12710
12632
12788
12809
12832
12860
12676
12544
12584
12826
12817
12665
12727
12732
12624
12554
12639
12738
12690
12706
12838
12833
11912
11902
11819
11821
11770
12011
11987
11922
11891
11774
11748
11993
11997
11745
11785
11775
11801
11887
11899
11892
12022
12053
12061
12058
12122
12148
12035
12041
12086
11962
11992
12038
12149
12095
12126
12163
12167
11882
11923
11875
11957
11798
11822
11802
12094
12093
12120
12143
11984
11953
12088
12092
12025
12017
12023
12087
12016
11955
11814
11852
12168
12150
12115
12152
12147
12055
12089
12021
11975
11861
11894
11762
11776
11766
11841
11837
11857
11883
11797
12361
12343
12382
12367
12380
12405
12331
12303
12483
12520
12511
12476
12495
12408
12439
12420
12230
12242
12252
12347
12320
12482
12492
12536
12534
12462
12260
12223
12295
12342
12337
12294
13322
13313
13148
13145
13179
13218
13222
13211
13261
13271
13219
13167
13154
13207
13214
13146
13162
13282
13395
13368
13379
13269
13396
13343
13331
13353
13294
13255
13354
13369
13355
13388
13302
13332
13334
13198
13241
13233
13242
13202
13185
13362
13327
13326
13344
13386
13372
13220
13247
13328
13323
13225
13171
13191
13257
13221
13170
13273
13335
13298
13308
13314
13361
13377
13296
13274
13370
13080
13076
13074
13038
12982
12948
12967
12979
13030
13015
12977
12908
12883
12886
12921
13111
13127
13118
13117
13122
12941
12944
12966
13059
13061
13057
13109
13130
13025
13020
12989
13034
12691
12634
12642
12864
12823
12763
12653
12683
12694
12696
12703
12767
12867
12818
12582
12592
12646
12693
12722
12593
12728
12846
12880
12784
12760
12827
12856
12839
12568
12570
12649
12689
12660
12160
12136
12123
12113
11976
12003
11792
11827
12012
11905
11900
11944
11853
11846
11838
11779
12043
12079
11929
11904
12018
12069
11969
12067
12090
12098
12166
12175
12059
12176
12171
11893
11895
11865
11870
11985
12169
12170
12121
11939
11903
11755
11789
12215
12221
12267
12190
12214
12202
12283
12314
12284
12318
12317
12357
12368
12371
12427
12409
12432
12422
12499
12390
12362
12363
12328
12272
12213
12251
12456
12501
12474
12523
12542
12469
12508
12373
12381
12403
12460
12433
13373
13358
13384
13338
13289
13290
13360
13347
13166
13181
13155
13140
13293
13365
13288
13319
13333
13301
13178
13138
13174
13143
13169
13194
13248
13259
13229
13193
13276
13263
13246
13189
13330
13340
12983
12986
13009
13105
13121
12369
12509
12253
12225
12220
12192
12255
12304
12311
12277
12332
12463
12477
12538
12485
12504
12421
12440
12426
12468
12521
12519
12512
12391
12379
12358
12452
12410
12430
12237
12228
12212
12431
12446
12372
12301
12282
12316
12224
12254
12219
12589
12720
12761
12814
12869
12871
12603
12635
12640
12655
12644
12637
12623
12669
12572
12586
12790
12779
12819
12879
12545
12598
12552
12840
12757
12768
12801
12701
12587
12567
12576
12672
12625
12618
13245
13184
13224
13223
13201
13272
13237
13371
13374
13348
13376
13292
13283
13249
13385
13366
13375
13265
13238
13240
13307
13350
13341
13295
13315
13306
13311
13156
13158
13141
13152
13136
13270
13204
13149
12785
12778
12753
12774
12874
12836
12877
12872
12865
12843
12835
12828
12855
12834
12739
12705
12746
12747
12742
12708
12684
12716
12564
12555
12811
12798
12755
12775
12799
12800
12777
12752
12854
12842
12810
12797
12796
12792
12789
12766
12813
12812
12776
12750
12749
12751
12754
12764
12679
12721
12711
12700
12712
12715
12848
12870
12878
12861
12866
12769
12793
12748
12611
12629
12667
12600
12571
12735
12724
12707
12688
12682
12621
12616
12657
12662
12630
12658
12622
12668
12581
12562
12548
12606
12597
12565
13000
12965
13028
13051
13115
13116
13089
12961
12955
12924
12920
13114
13100
13055
13053
13047
12999
12994
13088
13041
12953
12981
12895
12907
13010
13039
12896
12957
12939
12923
12897
12893
12898
12899
12917
12910
12916
13005
13013
13002
13097
13131
13098
13108
13085
13050
13073
13064
12885
12901
12915
12892
12933
12969
12940
12947
13113
13019
13037
13092
13084
13043
13033
12972
12938
12952
12256
12351
12211
12423
12471
12503
12539
12453
12406
12393
12348
12329
12510
12473
12517
12537
12454
12402
12467
12530
12312
12309
12269
12529
12522
12389
12238
12250
12189
12187
12278
12298
12392
12396
12359
12442
12305
12289
12029
12108
12154
12181
12046
12071
11940
11958
11884
12013
11934
11823
11820
11756
11793
11829
12102
12033
11921
11858
11871
11807
11816
11803
11839
12065
11960
11920
11978
11996
12024
12156
12107
12153
12891
12935
12937
12889
12932
12926
12882
13070
12964
12978
12976
13094
12997
13027
13063
13093
13058
12960
12913
12998
13018
13004
13045
13119
13129
13124
13110
11217
11243
11206
11306
11252
11732
11678
11682
11564
11624
11559
11518
11381
11365
11366
11421
11364
11389
11279
11312
11283
11264
11514
11353
11438
11737
11648
11718
11588
11607
11673
11725
11664
11441
11539
11567
11620
11502
11453
11615
11594
11700
11657
11698
11487
11500
11385
11352
11482
11543
11630
11603
11556
11481
11435
11237
11256
11176
11282
11414
11393
11330
11320
11688
11706
11641
11723
11729
11635
11645
11738
11576
11582
11574
11260
11272
11225
11506
11475
11400
11324
11305
11203
11009
10974
11060
11165
11115
10579
10649
10383
10463
11136
10993
10457
10621
10821
10782
10890
10996
10962
10914
10992
10933
10751
10867
10663
10769
10857
10690
10685
10597
10388
10446
11057
8569
8657
8524
8887
8851
8918
9098
8902
8871
8783
8702
8750
8588
8484
8621
8604
8612
8532
9281
9236
9178
9210
9485
9317
9215
9069
9211
8964
8963
9070
8754
8729
8803
8872
8873
8745
9301
9467
9489
9043
9044
8926
9035
8938
8764
8694
8714
8488
8909
8753
9382
9365
9364
9496
9371
9197
10950
11021
11093
11150
11161
10900
10915
10986
10989
10643
10644
10667
10811
10842
10592
10426
10425
10430
10522
10376
10748
10770
10787
10837
10823
10980
11035
11066
10795
10738
10979
10976
10963
10978
10879
10916
10965
11010
10783
10431
10500
10595
10680
10517
10459
10389
10679
10698
10624
10173
10282
10176
10275
10247
10317
10154
10050
10143
9868
9959
10024
9510
9819
9766
9704
9834
9703
10111
10130
10336
10248
10307
9978
9972
9960
9535
10014
10006
9956
9977
9981
10013
10274
10197
10246
10241
10268
10172
10101
10051
10142
10153
9807
9685
9672
9730
9853
9756
9826
9965
7769
7768
7870
7986
7908
7950
8008
8290
8400
8342
8335
8416
8444
8417
8439
8320
8362
7941
8024
7987
8159
8211
8232
8208
8212
8046
7988
7975
8073
8213
8014
7927
7932
7964
8082
7979
8103
8108
8247
8248
8274
8302
8455
8104
8183
7578
7669
7745
7818
7775
7546
7623
7652
7675
7885
7798
7763
7702
7628
7767
7881
7882
7668
7647
7589
7559
7590
7646
7643
7651
7627
7540
9351
9405
9426
9383
9345
8852
8525
8672
8595
8759
8826
8705
9446
9290
9335
9393
9478
9490
9171
8616
8501
8643
8502
8583
8777
9018
8944
8791
8888
8919
9201
9240
9099
8971
9186
9212
9115
9156
9293
8950
8607
8762
8865
9248
9104
8954
8514
8631
8684
8685
8870
8763
8845
8711
9457
9400
9410
9381
9386
8930
9068
8955
8925
8726
8744
8692
8555
8500
8901
9152
9280
9222
9307
9416
9495
9013
9254
9409
9136
9155
9255
10079
10059
10085
10209
10256
10245
10136
9951
9712
9724
9882
9940
9966
9642
9760
9825
9833
9534
9516
9729
9521
9598
9542
9792
9899
9931
9912
10005
10348
10148
10223
10065
10168
9659
10650
10541
10689
10746
10697
10707
10813
10841
10877
10791
10810
10831
10847
11047
11087
11129
11149
11145
10777
10326
10092
10281
10353
9969
10123
9881
9857
9563
9698
9614
9357
9159
9059
8970
8875
8768
9190
9300
9399
8720
8513
8490
10060
9942
9846
9941
9858
9874
9952
10070
10196
9815
9900
9893
9798
9983
9652
9716
9655
9644
9654
10312
10291
10302
10224
10351
10183
10201
10200
10234
10236
10361
10300
10207
10090
9643
9755
9699
9617
9822
9845
10327
10257
11592
11542
11679
11722
11460
11467
11605
11703
11197
11474
11354
11384
11277
11216
11351
11426
11510
11552
11581
11734
11558
11632
11363
11548
11728
11633
11708
11593
11584
11211
11290
11347
11399
11464
11489
11538
11684
10471
10397
10396
10528
10623
10561
10516
10458
10436
10822
10773
10804
10614
10566
10598
10676
10381
10515
11031
11043
11130
11061
11092
11070
10863
10708
10946
10975
10534
10469
10504
10496
10713
10878
10988
10832
10740
10723
10741
10853
11141
11137
11091
11159
10997
10949
11346
11606
11550
11652
11739
11724
11642
11571
11183
11205
11251
11204
11301
11171
11193
11278
11355
11267
11194
11295
11461
11490
11561
11636
11484
11465
11662
11359
11527
11717
11663
11566
11585
11522
11496
11712
11671
11689
11595
11491
11471
10635
10632
10418
10398
10535
10480
10681
11071
11156
11138
11146
11124
10968
10886
10987
10726
10848
10796
10742
10926
11101
11125
11048
10838
10808
11032
11117
11131
10880
10982
10953
10765
10833
10784
10893
10930
10464
10390
10454
10548
10699
10615
10651
10602
10210
10308
10337
10285
10251
10044
9865
9864
10184
10313
9786
9746
9810
9625
9508
9517
9587
9578
9630
9631
9548
9593
9725
9745
9583
9785
9914
9947
9946
10155
9984
10160
10052
10038
10034
9769
9731
9660
9592
8516
8515
8613
8876
8877
8820
8746
8846
8784
9071
8956
8602
8618
8589
9241
9183
9213
9352
9427
9353
8793
8686
8693
9109
8769
9231
9105
9015
9486
9354
9361
9358
8914
9003
9077
9401
9406
9420
9377
9313
9366
9378
9182
8989
8910
8997
9081
8889
8792
8747
8712
8838
8576
8644
8579
8485
9123
8278
8393
8463
7785
7912
8058
7918
8074
8299
8334
8425
8148
8136
8168
8246
8383
8382
8147
8221
8306
8341
8446
8351
8330
7973
8090
7764
7836
7650
7575
7721
7842
7795
7672
8179
7858
7796
8019
8059
8060
8023
7993
7737
7693
7673
7558
7683
7605
7622
7609
7601
7701
7757
8319
8352
8318
8169
8141
8040
7866
7772
7766
7859
7884
7828
7895
7697
7797
8065
7945
8030
7597
7674
7722
7610
8071
8094
8254
8273
8006
8034
8131
8198
8231
8474
8426
8412
7657
7570
8012
7974
7843
8075
7874
7759
7588
7543
7716
7635
7667
7897
7753
8005
8272
8307
8270
8411
8372
8384
8367
8433
8434
8449
8310
8308
8013
8217
8259
8123
8194
8127
7875
7539
7689
7817
8100
8205
8102
8216
5470
5575
5576
5340
5243
5256
5366
4984
5380
5330
5413
5408
5084
4948
4983
5050
5113
5261
5070
5107
5133
5094
5209
5155
5169
5022
5069
5255
5569
5672
5458
5426
5614
5611
5546
5601
5674
5409
6640
6635
6817
6731
7263
7514
7484
7338
7210
7310
7083
7135
7186
7309
7158
6704
6561
6616
6807
6809
6973
7044
6972
7490
6905
6726
6741
6834
7138
6788
4205
4164
4148
4142
4248
4117
4141
4210
4247
4229
4115
4151
4114
4137
4467
4732
4635
4919
4881
4625
4800
4853
4882
4628
4476
4551
4552
4281
4312
4733
4766
4715
4535
4502
4544
4368
4372
4325
4387
4459
4337
4518
4613
4491
4553
4490
4566
4101
4163
4276
4197
4172
4122
4262
4798
4922
4840
4313
4405
4398
4381
4338
4307
4296
4370
4457
4462
4424
4430
4363
3337
3382
3431
3474
3219
3199
3154
3134
3268
3323
3263
3396
3364
3338
3471
3486
3516
3515
3405
3417
3182
3236
3556
3712
3624
3697
4065
4094
4018
3982
3954
3938
3910
3760
3793
3853
3870
3817
3729
3837
3871
3922
3923
3968
4033
3995
3963
3929
4091
4032
4082
4054
4093
4053
3996
3966
3988
3363
3343
3358
3436
3512
3470
3500
3255
3262
3153
3322
3647
3642
3695
3668
3709
3587
3543
3267
3189
3244
3151
3176
3209
3296
3284
3275
3245
3152
3822
3889
3802
3786
3721
3775
3832
3944
3952
3953
3967
3920
4014
4050
4073
3928
3937
3987
4057
3992
4088
4058
4037
3991
3407
3424
3430
3463
3367
3332
3629
3694
3663
3558
3728
3875
3785
3799
3880
3888
3803
3813
3717
3766
3664
3566
3553
3653
3683
3564
3565
3636
3711
3690
3696
3588
4231
4253
4341
4127
4198
4433
4446
4691
4856
4492
4698
4708
4644
4928
4479
4529
4480
4583
4230
4288
4683
4503
4593
4699
4741
4844
4913
4902
4373
4156
4278
3177
3136
3259
3289
3324
3269
3224
3232
3172
3998
3333
3386
3517
3497
3767
3865
4051
4079
3940
3881
3833
3749
3750
3877
3425
3437
3235
3317
3312
3643
3878
3771
4026
4055
3857
3718
4059
3678
3702
3665
3619
3605
3567
3557
3528
3573
3625
3691
3930
3993
3997
3926
3713
3776
3876
3788
3787
3722
3781
3823
3432
3475
3377
3391
3433
3354
3135
3183
3234
3155
3193
3288
3297
3316
3210
3302
4890
4779
4862
4539
4472
4605
4519
4507
4123
4099
4173
4211
4445
4282
4571
4590
4927
4615
4614
4194
4174
4243
4182
4773
4626
4767
4833
4795
4524
4326
4431
4287
4432
4159
4221
4382
5074
4958
5085
5018
5234
5290
5123
5075
5045
4943
5170
5095
5535
5636
5244
5292
5393
5518
5681
5498
5410
5461
5667
5660
5291
5310
5262
4950
5175
5277
5545
5431
5527
5467
5526
5679
5602
5594
5626
5642
5564
5655
5388
5496
5376
5276
5233
5106
5159
5296
5319
5350
5208
5129
5452
5029
4947
5000
5165
5077
4988
4969
5047
5073
4951
4938
6695
6655
6858
6777
6838
7203
7115
7152
7385
7357
6787
6644
6671
7337
7393
7459
7384
7418
6931
7007
7216
7289
7076
6645
6560
6581
6580
6740
7526
7447
7345
7489
6959
6926
6657
6596
6683
6756
6889
6863
6818
7022
6945
7124
7504
7339
7358
7399
7460
7131
7280
7223
6826
7063
6719
6933
7036
6879
7520
7499
7270
7159
7173
7217
5902
6239
6276
5903
5765
5771
6142
5893
6536
6431
6509
6330
6308
6262
6263
6356
5870
5733
6001
6113
5908
5849
5745
6118
6511
6425
6240
6215
6233
5784
6128
6522
6541
6411
5237
5006
4954
5025
5696
5419
5248
5508
5453
5446
5420
5202
5176
5100
5400
5250
4962
4980
5156
5216
5141
5357
5638
5565
5553
5560
5460
5491
5362
5311
5195
5173
5230
5423
5515
5656
5653
5351
5643
5697
5627
5471
5316
5317
5513
5657
5414
5179
5226
5149
5118
4935
5042
4959
5065
6035
6143
6371
6301
6394
6352
6388
5963
5900
5795
5738
5985
5899
6066
6344
6460
6464
5891
5767
6108
4132
4107
4143
4383
4540
4545
4659
4808
4742
4903
4829
4854
4695
4399
4594
4359
4348
4392
4483
4195
4509
4672
4709
4782
4892
3366
3502
3519
3359
3178
3261
3292
3373
3859
3740
3794
3777
3568
3483
3508
3684
3964
4038
4015
3858
3828
3731
3383
3488
3518
3163
3237
3303
3328
3924
4043
3893
3866
3955
3990
3675
3392
3184
3352
3220
3185
3162
3654
3585
3772
3365
3482
3657
3595
3719
3464
3884
4074
4019
3669
3883
3824
4004
3577
3225
3221
3202
3549
3814
3899
3882
3140
3260
3137
3173
3501
3487
3139
4083
3574
3538
3789
3960
4089
3459
3827
4090
3559
3606
3714
3525
4812
4712
4606
4508
4528
4616
4160
4165
4388
4269
4131
4750
4897
4642
4437
4314
4259
4200
4393
4152
4567
4716
4525
4600
4883
4898
4891
6325
6423
6192
6204
6300
6407
6337
6498
6419
6324
6175
6025
6078
6117
6428
6044
5890
5998
5842
6378
6136
6271
6167
6112
6064
5987
5951
5790
5979
5773
5950
5843
5708
6508
6387
6547
6418
5921
6028
6191
6107
5837
5789
5710
5778
6013
5907
5944
5729
6459
6291
6122
6297
6329
6296
6208
6410
6506
6049
6029
5966
5978
5707
5841
5783
5864
5744
5859
5848
5737
6063
6043
6188
7406
7517
7392
7368
7305
7407
7145
7253
7185
7151
6932
6621
7075
7193
6857
6559
6886
6898
6761
6600
7042
6780
6913
6670
6869
6870
7194
7105
7021
6944
6825
6725
6793
6833
6646
6747
7106
6942
6622
6617
6651
6794
6946
7066
7433
7479
7346
7369
6586
6732
6664
6890
6927
7045
6757
6887
6844
7048
7322
7218
7466
5865
6156
6176
6065
5711
6255
6104
6321
6200
6397
5988
5766
5828
5880
6070
6069
6079
6513
6432
6517
6351
6366
6331
6052
6315
6259
6005
5913
5801
5844
1711
1457
1367
1475
1550
1369
1335
1326
1323
1202
1107
1062
1305
1207
1108
1227
1235
988
977
2417
2465
2440
2225
2146
2206
2248
2147
2252
2168
2385
2459
2542
2294
2289
2224
1973
1728
3022
3080
2624
2787
3117
3131
2970
3011
2703
2567
2917
2877
2601
2609
2857
2700
2996
2687
2566
2721
2832
2891
3089
3112
3039
3086
2818
3010
2673
2615
2771
2916
2995
3099
3064
2914
2915
2921
2660
2644
2720
2468
2435
2481
2477
2133
2160
2178
2305
2335
2278
2299
2245
2190
2214
1743
1757
1880
1808
1752
1985
1992
2060
2001
1956
2329
2397
2173
2196
2271
2242
2384
2458
2345
2238
2212
2154
2218
2232
2282
2230
2231
2296
2292
2215
2341
2349
2352
2547
2478
2398
2331
1758
1809
1874
1970
2101
2079
1786
1802
1830
1820
2064
2009
2078
2085
2100
1703
1722
1595
1471
1370
1446
1651
1616
1515
1429
1428
1541
1578
1617
2033
2102
2043
2002
1873
1770
1901
1852
1946
1908
2063
2587
2885
2966
3128
2826
2728
2579
2639
3059
2860
2950
3095
3107
2674
2819
2780
3004
2997
3030
3005
3129
3040
3113
3119
3114
2922
2923
2605
2730
2729
2628
2765
2695
2764
2791
2124
2123
2179
2161
2202
2272
2229
2330
2197
2526
7323
7326
7389
7510
7137
7167
7275
6983
7109
7064
7095
6835
6868
6828
6860
6899
6922
7108
7085
6939
7024
6961
7436
7522
7381
7473
7274
7523
7377
7156
7420
7359
7413
7416
7177
6906
6916
6694
6742
6743
6608
6769
7029
6994
6892
6779
6872
6409
6477
6544
6562
6555
6433
6528
6519
6440
6389
6478
6169
6197
6229
5806
5914
6014
5981
5807
6058
6198
6205
6137
6372
6353
6265
6273
5676
5352
5245
5183
5476
5433
5604
5682
5703
5557
6363
6481
6220
6081
6009
6056
6354
5856
6050
6135
6520
6434
6450
6453
6447
6502
7181
7255
7371
6929
6745
6623
6717
6874
6720
6865
6652
6568
6673
6759
7333
7284
7422
7239
7057
6991
6630
7019
7292
7457
7172
7360
7425
7290
7175
7141
7417
7291
7231
7410
7312
7348
7438
7332
7238
7132
7212
7507
7366
6836
6805
6770
7080
7009
6964
7000
6791
6749
6781
6877
6893
6949
6686
6605
6969
6963
7161
7005
7041
6571
6722
6609
6873
6808
7129
7127
7262
6852
7067
6629
6672
6501
6266
6360
5769
6093
5952
5915
5904
5759
6531
6490
6426
6421
4118
3634
3579
3589
3620
4070
3569
3206
3305
3197
3228
3247
3293
3142
3809
3394
3456
3545
3804
3795
3948
4016
3854
4129
5980
5714
5812
5758
5872
6008
5755
5780
5822
5853
5723
6037
6149
6526
6367
6500
6237
6134
6289
6383
6499
5875
6533
6413
6472
6284
6278
5995
5912
6124
6408
6535
6534
6543
6210
6189
5941
5748
5855
5884
6027
6618
6649
6766
7030
6796
6799
6744
6841
6928
6978
6948
6989
7038
6940
6855
6876
6895
6847
6758
6598
6639
6619
6700
6650
6583
6864
6754
7230
7140
7147
7378
7512
7511
7421
7382
7516
7536
7299
7267
7196
7198
7199
7437
7317
7086
6936
7018
6990
7025
6962
7400
7485
7474
7497
7395
7303
7228
7234
7252
6567
6642
6716
7318
7414
7496
7515
7506
7157
7301
7283
6713
6638
6888
7171
7535
7316
7505
6935
7028
7037
7189
7047
6582
6728
6641
7491
7388
7376
7521
7365
7387
7119
6693
6699
6925
6934
6968
7054
6988
7188
7251
4244
4252
4270
4116
4364
4344
4522
4669
4526
4343
4420
4619
4463
4179
4345
4435
5608
5587
5661
5700
5568
5615
5358
5421
5215
5502
5586
5628
5182
5015
5091
5008
5229
5436
5227
5134
5196
5297
5108
5268
5367
5384
5428
5650
5616
5450
5464
5105
12608
12569
12557
12698
12733
12610
12638
12737
12601
12558
12674
12714
12713
12824
12859
12829
12881
12822
12806
12772
12791
12675
12652
12647
12612
12615
12613
12804
12876
12852
12758
12734
12717
12550
12491
12506
12441
12383
12341
12375
12395
12416
12457
12472
12466
12398
12401
12455
12487
12366
12325
12245
12281
12259
12349
12425
12322
12313
12321
12216
12236
12222
12191
12249
12258
12198
12185
12186
11906
11874
11961
11995
12040
11813
11876
11843
11901
11825
11743
11947
11977
11989
12104
12031
11938
11948
11974
12076
12045
12106
12081
12051
12162
12155
12112
12101
12008
12020
12073
12066
11879
11873
11759
11783
11764
11833
11872
11907
11965
12858
12820
12765
12841
12816
12863
12773
12808
12825
12862
12744
12692
12687
12596
12745
12681
12553
12726
12695
12663
12628
12699
12731
12730
12591
12648
12547
12561
12654
12627
12661
12575
12551
13026
13040
12959
12951
12974
13029
13128
13133
12887
12936
12906
12911
12903
12988
13087
13069
13046
13065
13104
12946
12945
13042
13024
12993
13006
12146
12110
12117
12127
12133
12111
12182
12080
12034
12075
12072
11945
11890
11982
12007
11964
11771
11847
11805
11750
12005
11954
11786
11800
11804
11941
11886
12004
11950
12119
12037
12074
12044
12054
12050
11924
11866
11988
11878
11880
11849
11933
12097
11970
12019
12165
12134
12129
12158
12740
12673
12845
12844
12787
12794
12875
12821
12807
12802
12851
12670
12729
12762
12702
12641
12614
12815
12617
12577
12549
12633
12602
12573
12659
12626
12566
13090
13060
13048
13120
13106
13125
13101
13066
13132
12956
13035
13001
13107
13044
13077
12984
12995
13052
13081
13095
12914
12890
12930
12902
12970
12975
12954
12934
12884
12900
13172
13153
13260
13336
13337
13312
13394
13303
13310
13349
13393
13351
13297
13217
13187
13226
13212
13208
13147
13163
13186
13137
13176
13278
13258
13318
13235
13320
13316
13309
13284
13267
13244
13380
13389
12062
12048
12178
12105
12114
12179
11808
11836
11795
11981
11935
11777
11751
11842
11859
11864
11867
12060
11967
12141
12039
12142
12118
12026
11963
11815
11765
11936
11810
11850
11927
12014
12905
12927
12925
12973
12971
12904
12909
12962
12949
12991
13031
13021
13049
13072
13112
13123
13014
13008
13054
13096
13062
13091
13016
12987
12963
13056
13017
13195
13160
13206
13209
13200
13139
13164
13197
13175
13280
13286
13321
13196
13159
13279
13287
13317
13325
13339
13268
13277
13266
13275
13210
13227
13157
13150
13173
13205
13216
13230
13231
13177
13182
13199
13363
13390
13381
13397
13359
13299
13250
13378
13357
13382
13391
13392
13324
13342
13262
13264
13329
13252
13253
13165
13228
13236
13387
13300
13345
13281
13256
13243
13239
13192
13161
13144
13304
13180
13232
13215
13203
13291
13305
13367
13346
13383
13352
13364
13251
13356
13151
13213
13234
13168
13188
13142
13183
13190
13254
13285
13036
13023
13135
13067
13126
13012
13071
13103
12992
12990
12942
12912
12950
12943
12929
13083
13102
13032
12781
12771
12853
12756
12780
12850
12718
12678
12709
12546
12563
12599
12594
12666
12619
12585
12583
12736
12680
12704
12868
12725
12686
12671
12636
12651
12643
12333
12300
12265
12411
12437
12399
12464
12470
12518
12532
12496
12394
12346
12306
12335
12336
12364
12274
12217
12204
12231
12194
12226
12338
12490
12475
12513
12535
12434
12334
12497
12478
12203
12374
12273
12279
12299
12243
12743
12786
12857
12849
12805
12685
12759
12650
12607
12609
12556
12579
12723
12847
12803
12795
12770
12604
12595
12574
12590
12560
12645
12719
12741
12697
12677
12588
12559
12493
12515
12528
12459
12451
12397
12287
12291
12388
12355
12233
12188
12200
12196
12210
12247
12248
12208
12244
12197
12184
12268
12241
12206
12339
12340
12384
12413
12345
12344
12324
12354
12429
12443
12505
12500
12524
12448
12533
12424
12447
12498
12502
12525
12541
12438
12356
12360
12435
12516
12385
12378
12297
12418
12481
12436
12280
12310
12285
12302
12293
12201
12262
12308
12235
12261
12257
12227
12980
13082
13099
13134
13011
13003
12894
12931
12928
12958
12985
13086
13075
13078
13079
13068
12919
12922
12918
12996
13022
12103
12082
12056
12173
12144
11851
11930
12006
11979
11862
11863
11791
11758
11746
11799
11830
12042
12070
12030
12036
12047
12109
12157
12138
12145
12137
12128
12009
11983
11959
11763
11913
11854
11885
11980
11956
11794
11910
11972
12177
12130
12131
12077
12099
11966
12164
12001
11990
11909
11888
12161
12010
11971
11742
11809
11749
11817
11767
11911
11855
12151
12116
12132
12068
11991
11986
12096
12083
11898
11897
11916
11932
11831
11832
12479
12543
12319
12445
12404
12376
12400
12275
12296
12450
12266
12286
12428
12514
12480
12465
12489
12540
12353
12412
12415
12352
12290
12288
12240
12232
12264
12207
12205
12195
13429
13423
13454
13412
13449
13487
13589
13573
13506
13491
13477
13427
13488
13539
13614
13624
13607
13617
13563
13553
13582
13505
13528
13593
13555
13503
13470
13619
13398
13410
13407
13459
13422
13403
13527
13509
13514
13504
13608
13583
13603
13546
13591
13592
13571
13535
13480
13455
13476
13444
13467
13481
13472
13543
13489
13513
13520
13519
13404
13406
13531
13618
13605
13590
13839
13851
13863
13838
13812
13783
13703
13630
13639
13653
13635
13632
13625
13670
13697
13757
13736
13787
13754
13718
13723
13731
13755
13780
13760
13742
13695
13702
13665
13677
13678
13682
13662
13739
13685
13756
13794
13773
13786
13741
13719
13686
13651
13820
13798
13807
13811
13828
13844
13849
13810
13862
13865
13872
13895
13725
13730
13790
13784
13733
13751
13769
13724
13701
13749
13752
13779
13655
13645
13658
13642
13626
13674
13696
13722
13663
13654
13690
13788
13765
13740
13402
13443
13419
13485
13575
13574
13549
13559
13554
13496
13562
13716
13691
13671
13656
13675
13636
13750
13764
13727
13708
13648
13680
13717
13721
13758
13776
13720
13679
13425
13409
13469
13473
13401
13537
13517
13526
13557
13500
13512
13584
13586
13560
13561
13568
13597
13552
13424
13414
13417
13456
13436
13497
13468
13580
13595
13538
13551
13486
13492
13490
13499
13515
13466
13450
13464
13474
13411
13483
13405
13434
13524
13525
13529
13533
13542
13447
13475
13587
13615
13611
13610
13572
13536
13558
13818
13822
13832
13815
13806
13821
13834
13860
13857
13929
13889
13897
13900
13893
13925
13919
13881
13883
13892
13894
13888
13916
13924
13922
13906
14032
14034
14038
14045
14048
14050
14047
14023
14028
14039
14040
14026
14022
14043
14042
14044
14051
14049
14037
14033
14027
14031
14021
14030
14041
14046
13945
13978
13991
13977
13985
13951
13962
13963
13964
13970
13956
13958
13967
13980
13996
14005
14007
14016
14001
13968
13947
13949
13942
13992
14013
14009
14002
14014
13973
13975
13955
13979
13987
13995
14010
14020
14015
14019
14011
14008
14017
13972
13984
14004
13998
13997
13993
14000
14018
13943
13965
13969
13974
13954
13946
13976
13959
13989
13981
13986
13988
13948
13960
13850
13831
13802
13903
13940
13932
13896
13841
13848
13805
13801
13874
13649
13657
13728
13714
13753
13796
13771
13781
13770
13778
13747
13627
13688
13759
13712
13709
13744
13737
13699
13659
13660
13634
13681
13687
13667
13791
13846
13856
13907
13905
13899
13868
13936
13934
13939
13926
13890
13913
13910
13904
13816
13869
13891
13909
13877
13819
13803
13824
13879
13866
13931
13935
13937
13911
13917
13928
13859
13830
13887
13809
13800
9922
9895
9921
9973
9723
10062
9998
9680
9861
9804
9298
9607
9753
9871
10054
9417
9530
9675
9403
9373
9475
9481
9596
9396
10244
10084
10066
10260
10212
10410
10533
10609
10660
10452
10682
10415
10587
10532
10546
10192
10333
10343
10231
10261
10279
10278
10547
11331
11199
11040
10896
10897
11023
11148
10910
10939
10785
11357
11416
11310
11265
10907
10778
11005
11108
11151
11200
10289
10349
10315
10157
10137
10138
10080
10162
8544
8473
8503
8464
8397
8669
8683
8639
8678
8761
8829
8855
8965
8858
8854
9187
9170
8770
9045
9090
9117
9158
8450
8441
8200
8224
8043
8219
8360
8347
7960
7726
7990
7705
7698
7639
7640
7664
7544
7833
7826
8280
8150
8057
7930
7714
8048
8011
7887
8171
8002
8209
9040
9257
9169
9089
8832
8533
9084
8931
8941
9039
8976
9016
9265
9146
8751
8735
8625
8491
8839
8703
8543
8492
8562
8395
8668
8879
8885
8760
8696
8998
9009
8880
8511
8557
9078
9083
9038
9173
9037
8809
8477
8429
8682
9143
9256
8816
8915
8853
8542
8518
8199
8223
8322
7886
7910
7663
8132
7844
7748
8109
8137
8222
8345
8017
7966
7850
7612
7659
7561
7778
8214
8610
8577
8591
8626
8389
8520
8647
8698
8648
8564
8786
8840
8661
9085
9174
9027
9041
8945
8736
8828
8565
8534
8421
8436
9101
9224
9107
9138
9203
9251
9989
9883
9902
9848
9758
9867
10017
9997
9288
9347
9387
9558
9590
9664
9647
9585
9827
9634
9502
9441
9627
9641
9294
9326
9394
9277
9470
9545
9750
9480
10277
7761
7848
7618
7851
7947
7898
7624
7749
7789
8124
8055
8047
8230
8276
8292
8279
8331
8036
7953
7832
7750
7732
7580
7557
8072
8119
8010
7946
7690
7579
7656
7541
7631
8170
7739
9202
9157
9153
8799
8435
8405
8475
8431
8496
8697
8818
8615
8422
8379
8396
8660
8558
8572
8563
8519
8911
8881
8731
8986
9147
9111
9079
8798
8921
9010
9005
8958
8817
8833
8430
8369
9763
9566
9606
9512
9879
9970
9747
9835
10048
9926
9936
9368
9487
9395
9552
9579
9773
9553
9605
9421
9448
9442
10628
10618
10734
10414
10088
10216
10158
10131
10189
10226
10370
10363
10470
10583
10520
10499
10290
10086
7834
7706
7685
7924
7879
7943
7980
7686
7549
7626
7808
7625
7754
7606
7984
8110
8257
8314
8338
8268
8068
8077
8128
7923
7905
8069
8085
9384
9430
9415
9414
9673
9752
9619
9565
9287
9322
9376
9492
9270
9749
9885
9933
9979
9889
9906
9894
10788
10599
10498
10513
10185
10254
10243
10198
10382
10366
10295
10413
10677
10639
9390
9953
9860
9877
9878
9674
9646
9498
9434
9292
9308
9668
9733
9440
9572
9610
9589
9549
9455
7584
7777
7765
7788
7571
7725
8142
8225
7972
7969
8337
8234
8291
7994
7909
7679
7724
7630
7807
7823
7810
7861
8143
8149
8244
8357
8241
7965
8027
12531
12444
12407
12350
12419
12484
12449
12307
12873
13007
12968
12888
12837
12782
11946
11806
11780
11744
11790
11768
11781
11752
11747
11753
11811
11834
11931
11917
11868
11914
11848
11835
11754
11757
11787
11796
11889
11928
11918
11824
11926
11908
11937
11919
11826
11844
11772
11784
11769
11788
11782
11925
12000
12078
12276
12239
12193
12139
12124
12125
12084
12091
12159
12209
12174
11942
11973
11968
11951
11943
11994
12057
12002
12027
12028
12063
12049
12386
12458
12494
12246
12330
12229
12270
12326
12365
13813
13845
13808
13792
13793
13876
13853
13873
13882
13867
13901
13915
13944
13918
13921
13885
13886
13871
13902
13861
13864
13878
13847
13855
13825
11869
11812
11840
11881
12100
12015
12032
11998
11949
11828
11860
11818
11773
11760
2910
2716
2575
2543
2927
2307
2309
1993
2027
1662
2219
2259
2402
2379
2306
2448
2394
2295
2228
2110
3006
2926
2888
2838
2752
2606
2602
2900
2951
2868
3075
3034
2850
2708
2507
1796
1875
1966
2103
2246
2371
2482
1074
948
6960
7088
7098
6921
6733
6762
6881
7467
7419
7325
7495
7331
7347
7394
7402
7532
7069
6677
6614
6982
7100
6993
6987
7116
6947
7001
7079
7053
7153
7165
7264
7174
7219
7205
7311
6871
6778
6776
6696
6710
6891
5192
5398
5454
5514
5024
5057
5026
5096
5288
5377
5181
5235
5148
5605
5668
5538
4960
5239
5596
5716
5524
5692
5694
5717
5644
5687
5597
3644
3941
3895
3931
3862
3550
3257
3258
3141
3216
3730
3190
3309
3562
4034
3916
3890
4045
3834
3649
3387
3451
3265
3408
3397
3360
3256
3676
3736
4827
4361
4608
4587
4637
4781
4846
4756
4693
4389
4260
4157
4279
4289
4175
4510
4675
4541
4939
4724
4694
4212
4299
4419
4481
4448
5571
5718
5607
5566
5598
5401
5440
5483
5547
4976
5174
5257
5232
5014
5204
5210
5090
5199
5007
5293
5360
5258
5495
5585
5666
5455
5432
5484
3393
3979
3961
3838
3239
3513
3214
3484
3156
3600
3615
3860
3692
3703
3977
4068
3829
3575
3147
3907
3778
3921
4102
3238
3578
3554
3379
3472
3503
3504
3418
3378
3304
3329
3276
3194
3270
3169
3170
3195
3226
3298
3271
3670
5713
5066
4981
4985
4989
5120
5595
5693
5691
5658
5603
5499
5465
5267
5263
5494
5407
5282
5394
5312
5160
5190
5238
5132
5171
5251
5223
5180
5523
5439
5060
6804
6854
6679
6678
6748
6663
6601
7160
7214
7211
7229
7004
7043
7013
7008
6734
7456
7370
7375
7404
7126
7139
6790
7091
7444
7266
7187
7435
7282
7341
5768
5819
5874
6347
6339
6518
6527
6139
6178
6177
6236
6316
6036
5895
6007
6026
5990
5722
5818
5753
6577
6283
6346
6311
6235
6525
6530
6020
5961
5957
6201
6211
6157
6160
6127
6080
6309
6264
6132
6067
6102
5989
5736
5887
6006
5845
6196
6144
6375
6374
6476
6542
6489
6523
6261
6359
6287
5203
5001
4973
5191
5424
5463
5567
5639
5675
5468
5363
5631
5537
5078
5151
5137
5252
5331
5472
5415
5536
5321
5342
5023
4942
3706
3965
3861
3450
3448
3530
3626
3894
3900
3685
3707
3539
3529
3308
3227
3325
3419
3203
3285
3148
3164
3686
4084
4020
3915
3945
3811
3847
3596
3611
3819
3196
3318
3264
3389
3157
3246
3544
3648
3732
3969
4044
5124
5271
5150
5217
4949
5030
5389
5284
5579
5540
5654
5712
5698
5699
5501
5406
5302
5272
4996
5087
5231
5076
4964
5341
5283
5427
5548
5510
5411
5462
5320
5115
5080
4941
5214
4975
5570
5690
5522
5482
4409
4384
4215
4434
4385
4400
4239
4183
4702
4816
4813
4780
4692
4751
4601
4294
4149
4263
4718
4864
4607
4899
4546
4687
4719
4684
4820
4636
4468
4915
4845
4858
4657
4749
4617
4916
4660
4401
4342
4360
4206
4166
4251
4746
4554
4520
4272
4184
4128
4618
4369
4586
4222
4442
4416
4679
4894
4859
4595
4493
4632
4763
4447
4303
4327
4226
4673
4720
4653
4803
4872
4931
4834
4908
4831
6109
6338
6439
6454
6496
6399
6228
6304
6092
5803
5817
5846
5873
5881
6053
6068
6185
6485
6310
6227
6551
6443
6288
6145
6184
5727
5852
5802
5960
6045
6041
6234
6552
6486
6524
5871
6183
7273
7455
7364
7374
7472
7118
6662
6789
6938
7197
7180
6706
7166
7480
7454
7003
7016
6648
7017
6840
6885
6592
6692
6637
6853
6851
7471
7463
7534
7340
7272
6974
6248
6420
6395
6285
6532
6398
6298
6424
6550
6570
6101
6214
6030
5911
5935
5829
5796
6471
6576
6126
5775
5947
6088
5994
5940
5816
5821
5894
5779
6151
6123
6114
7281
7136
7494
7271
7125
7128
7232
7531
7450
7538
7354
7056
7084
7046
7012
6613
6698
7094
7052
7224
7204
7146
6846
6907
6612
6810
7049
7107
7527
7409
7461
6967
6661
6845
6795
7093
7015
6880
6827
6685
6775
6811
6867
7050
7023
7033
7155
7314
7468
7403
7415
7434
7315
7462
7373
7451
6812
6587
6647
6712
6636
6727
6952
7070
7533
7179
7117
7386
6859
6597
6711
6705
7213
7195
7002
7265
7233
7206
7154
4185
4331
4818
4575
4521
4907
4830
4477
4574
4631
4857
4868
4920
4753
4759
4352
4319
4425
4216
4108
4254
4225
4488
4484
4602
4308
4688
6209
6579
6446
6332
6438
6474
6529
6349
6270
6131
6172
6241
5746
5815
5909
5939
5851
5791
5774
6168
6457
6415
6475
6260
6272
6345
6022
6277
6381
6256
6171
6087
5999
5934
5742
5764
5747
5892
5922
6002
6019
3917
4010
4005
4077
3943
3320
3149
3395
3410
3413
3167
3231
3287
3398
3655
3272
3180
3132
3356
3745
3762
3744
3807
3904
3891
4024
3609
4062
4092
3816
3868
3887
3782
3586
3158
3186
4736
4671
4677
4648
4757
4828
4428
4414
4335
4557
4610
4924
4836
4791
4835
4796
4885
4591
4513
4850
4775
4676
4896
4814
4811
4596
4453
4354
4460
4266
4267
4136
4146
4203
4176
4177
4202
4219
4284
4265
4274
4306
4334
4391
4473
4403
4413
4443
4366
4622
4621
4609
4549
4489
4523
4501
4739
4666
4760
4747
4696
4866
4900
4860
4784
4762
4819
4705
4293
4318
4456
4408
4379
4378
4418
4543
4478
4499
4807
4888
4765
4706
4620
4209
4199
4238
4189
4150
4140
4106
4113
4358
4397
4415
4351
4224
4302
4584
4487
4466
4573
4598
4585
4559
4196
4147
4336
4723
4652
4656
4731
4889
4697
4630
4758
4878
4861
4914
4810
4340
4323
4324
4380
4298
4191
4178
4220
4228
4237
4161
4105
4121
4162
3171
3208
3321
3469
3422
3423
3376
3351
3467
3342
3429
3455
3336
3458
3399
3446
3372
3599
3552
3689
3873
3872
3846
3797
3774
3798
3985
3936
3146
3213
3331
3326
3291
3243
3491
3462
3527
3468
3441
3349
3388
3350
3447
3406
3242
3205
4012
3844
3845
3769
3583
3662
3726
3747
3836
3808
3812
3919
3994
4081
4048
4067
3976
4049
3978
4017
3935
3946
3947
3986
4003
4087
4078
4042
4013
3927
3951
3898
3869
3770
3734
3748
3727
3780
3826
3874
3677
3542
3548
3594
3641
3315
3192
3215
3249
3327
3416
3481
3511
3524
3415
3667
3693
3623
3622
3555
3537
3682
3604
3633
3584
3536
3656
3705
3616
3535
3765
3754
3806
3821
3840
3640
3582
3593
3710
4002
3435
3403
3507
3490
3523
3150
3223
3295
3514
3404
3856
3843
3746
3925
3939
4011
4036
4031
4039
4097
4007
4056
4063
4040
4047
3974
3934
3307
3661
3561
3560
3646
3610
3371
3444
3445
3412
3428
3341
3598
3632
3581
3547
3674
3850
3849
3892
3905
3864
3764
3852
3763
3739
3792
3851
3914
3975
4041
4064
4098
4072
3918
3639
3673
3602
3614
3551
3440
3370
3353
3402
3493
3161
3145
3283
3222
3311
3494
3421
3461
3251
3266
3188
3204
3273
3282
3274
3160
5035
5335
5294
5539
5479
5549
5669
5618
5649
5136
5053
4999
4982
5299
5270
5493
5516
5550
5430
5185
5104
4945
5037
5114
4967
5063
5020
5385
5336
5337
5281
5240
5143
5578
5580
5581
5583
5582
5709
5519
5520
5447
5443
5486
5507
5506
5383
5485
5678
5617
5253
5158
5153
5188
5021
5086
4957
5186
5121
5201
5379
5309
5364
5265
5405
5556
5688
5064
5220
5236
5117
5314
5327
5326
5325
5324
5338
5345
5387
5386
5689
5621
5629
5543
5542
5390
5392
5391
5448
5488
5487
5509
5606
5665
5339
5328
5359
5044
5012
5003
5083
5082
4995
4971
4994
4952
5222
5221
7430
7011
7328
7478
7452
7112
6822
6831
6832
6772
6767
6814
7061
7349
7324
7321
7488
7356
7330
7449
6634
6656
6658
6654
6595
6627
6806
7074
7248
7170
7032
6997
6708
7483
7429
7537
7304
7201
6919
7060
6715
6667
7287
7226
7427
7470
7525
7503
7428
7247
7297
6951
7027
7097
6910
6751
6615
6633
6765
6737
6707
6923
6604
6764
7055
6950
6996
6813
7096
7051
7035
7277
7242
7296
7398
7502
7243
7191
4911
4837
4797
4824
4395
4461
4471
4455
4423
4721
4744
4658
4561
4578
4581
4802
4893
4533
4538
4611
4579
4562
4355
4310
4350
4925
4851
4823
4792
4772
4717
4685
4838
4912
4871
4817
4793
4934
4785
4729
4650
4667
4515
4486
4485
4465
4444
4376
4285
4241
4158
4155
4130
4246
4181
4240
4207
4120
4411
4367
4417
4356
4309
4592
4580
4624
4570
4506
4496
4505
4550
4623
4627
4603
4640
4649
4678
4769
4714
4727
4761
4847
4918
4910
4815
4234
4180
4454
4464
4441
4311
4346
4728
4745
4771
4674
4154
4126
4170
4257
4291
4407
4301
4322
4190
4258
4286
4112
4171
4901
4867
4880
4794
4848
4933
4930
4937
4879
4839
4875
4874
4842
4806
4825
4655
4641
4722
4786
4558
4612
4597
4475
4668
4686
4776
4752
4748
4643
4516
4517
4564
4604
4497
4534
4770
4651
4704
4634
4701
4852
4826
4887
4886
4921
4926
4330
4317
4295
4111
4204
4275
4242
4404
4377
4357
4292
4429
4451
4396
4347
4707
4755
4711
4730
4498
4582
4268
4104
4208
5695
5584
5684
5622
5619
5634
5702
5089
5167
5371
5365
5444
5480
5562
5663
5055
5048
5068
4974
5040
4940
5059
4953
5295
5355
5375
5280
5241
5225
5092
5072
4968
4972
5041
5056
4979
4987
5211
5512
5517
5456
5422
5122
5112
5412
5287
5449
5399
5474
5318
5266
5300
5315
7123
7208
7269
7424
7367
7513
7498
7344
7391
7442
6718
6774
6785
6643
6738
6986
7090
7092
7288
7184
6941
6912
6746
7099
7062
6904
6915
6911
6937
6862
6866
7209
7249
7192
7227
7401
7372
7089
7113
6958
6752
6753
6786
6697
6739
6631
6878
6798
5593
5641
5356
5275
5017
5005
5036
5054
5013
5254
5187
5274
5301
5625
5532
5533
5551
5624
5686
5685
5623
5260
5329
5242
5372
4946
5004
5049
4961
5212
5125
5213
5140
5194
5147
5189
5168
5093
5481
5438
5659
5552
5630
5475
5544
5635
5563
5457
5445
5459
5521
5840
5788
6254
6129
6099
6238
6217
6328
6538
6436
6445
6545
6458
6417
6468
6569
6505
6219
6274
6294
6097
6182
6165
6046
5976
6061
6507
6427
6098
6166
5946
5925
5730
5804
5814
5762
5757
5719
5797
5877
5858
5931
6004
5948
5969
6024
5901
6319
6243
6343
6736
6620
6682
7440
7363
7397
7164
7178
7464
7482
7320
6930
6956
6884
6830
6760
6802
6894
6981
6666
6703
6730
6590
6714
6626
7176
7200
7163
7207
7031
7010
7501
7396
7383
7443
7380
7082
6965
6902
6797
7065
6985
7144
7259
7258
7221
7104
7405
7390
7246
7235
6856
5997
5983
6154
5787
5825
5905
5972
6382
6494
6553
6268
5867
5756
5735
6173
6085
6564
6402
6493
6405
6225
6350
6369
5968
5725
5754
5857
5945
6190
6073
6094
6090
6224
6342
5761
5854
6120
6257
6401
6557
6267
6368
4556
4512
4531
4201
4193
4125
4139
4169
4280
4233
4168
4214
4236
4277
4321
4402
4458
4470
4349
4329
4305
4371
4452
4665
4743
4805
4801
4895
4865
4832
4542
4599
4790
4855
4563
4764
4681
4527
4936
4906
4841
4700
4778
4710
4682
4905
4822
4870
4799
3522
3390
3438
3480
3489
3385
3348
3357
3411
3485
3580
3541
3534
3591
3784
3724
3805
3755
3753
3725
3733
4080
3959
4030
3168
3280
3314
3281
3198
3144
3756
3791
3738
3825
3879
3820
4025
3909
3913
3950
4035
3972
4086
4006
3783
3801
3800
3842
3533
3603
3572
3973
4001
4071
3831
3680
3708
3681
3613
3688
3701
3414
3347
3306
3191
3133
3252
3362
3454
3526
3506
3563
3638
3652
3592
3301
3181
3241
3187
3159
3218
3207
3439
3381
3300
3254
3201
3253
6323
6245
6575
6488
6385
6386
6057
6100
6174
5834
5868
5835
5752
6546
6566
6554
6548
6404
6540
6516
6539
6452
6412
6246
6282
6470
6437
6213
6275
6336
6021
5993
6096
6091
5800
5720
5728
5810
5836
5827
6130
6155
5805
5869
5863
5799
5974
5898
5920
5992
5889
5949
5962
5888
5929
5965
6012
6011
5928
5919
5918
5917
5926
5927
5933
5971
6244
6247
6322
6348
6077
6048
6116
6138
6170
6047
5959
6032
5984
5977
5943
5731
6380
6186
5777
5826
5847
5878
5832
5862
6034
5721
5743
5726
5809
6018
5932
6195
6306
6054
6121
6193
6574
6392
6218
6303
6558
6565
6406
6269
6334
6071
6212
6062
6074
6449
6393
6824
6823
6861
6897
6998
6999
6815
7202
7298
7350
7509
7453
7040
6971
6966
6768
6957
7014
6850
7039
6628
6691
6721
6709
6660
6659
6591
7343
7412
7432
7465
7441
7261
7286
7279
7431
7260
7278
7236
7114
6903
6773
6839
6914
6920
7183
7215
7244
7237
7222
7122
5798
5794
5824
5823
5850
5883
6106
6086
6299
6320
6072
5970
6521
6451
6358
6403
6495
6484
6442
6187
6055
6095
6370
6473
6469
6203
6226
5958
5956
6281
6307
6232
5833
5732
5879
5897
6335
6290
6075
5906
5131
5111
5279
5308
5278
5344
5323
4978
4977
4944
5033
5062
5032
5061
5224
5164
5157
5126
5116
5099
5098
5081
4998
5139
5163
5172
5128
5680
5613
5334
5343
5333
5349
5373
5298
5701
5610
5417
5034
4966
4956
4990
5374
5178
5200
5648
5561
5429
5442
5361
5273
5600
5609
5559
5706
5418
5490
5525
5354
5662
5652
5505
5397
5404
5531
4009
3971
4085
3666
3628
3660
3313
3335
3200
3479
3752
3720
3759
3810
3906
3571
3546
3427
3499
3434
3962
4023
4076
4096
3989
3912
3903
3597
10938
10456
10862
10671
10558
10648
10485
10417
10375
10357
10662
10872
10696
11081
11069
11019
11100
10889
10803
10747
10557
10613
10512
10479
10424
10474
10503
10666
9671
9651
9547
9540
9560
9528
9574
9515
9541
10015
9796
9629
9556
9662
9830
9839
9950
9980
10064
9568
9514
9591
9709
9806
10152
10128
10346
10186
10117
10167
10110
10311
10250
10347
10299
10195
9920
10012
9721
9759
9856
9527
9571
9955
10072
10056
9667
9559
9507
9582
9608
9613
9670
9628
9573
9852
9784
9939
10001
10023
10026
9924
10011
9987
10240
10233
10340
10323
10298
10194
10222
10171
10071
10089
10049
10135
10206
10122
10294
10182
10280
10193
10166
10109
10004
9850
9719
9708
9603
9838
9808
9720
9715
9772
9821
9754
9684
9711
9809
9814
9782
9748
9783
10100
9880
7992
7940
7999
8204
8333
8442
8305
8289
8409
8415
8410
7621
7577
7691
7845
7839
7902
8122
8203
7720
7692
8443
8350
8301
8000
8187
8107
8239
8258
8152
8454
8378
8373
8210
7937
7634
7877
7841
7654
9012
9088
9002
8680
8603
8553
8642
8837
8815
8969
9114
8814
8831
9445
9321
9337
9488
8656
8937
8802
8850
8948
8953
9122
8552
8560
8611
8734
8929
8908
8704
8676
8551
9042
8962
8978
9076
9375
9413
9195
9209
9141
9230
9272
9185
9424
9388
9425
9477
9449
9103
9181
9135
9034
8917
9356
9437
9466
9374
9140
9166
9276
9132
9279
9229
9131
9336
9297
9133
9177
8651
8655
8495
8531
8752
8813
8691
8742
8743
8790
8869
8819
8767
8550
8594
8788
8825
8883
8741
8935
8988
9058
8936
8766
8782
8857
8650
8638
8671
8907
8505
8494
8597
9017
8701
8812
8728
9247
9134
8994
9026
9086
9154
9380
9423
9284
9220
9233
9128
9184
9129
9179
9472
9471
9463
9418
9350
9315
9323
9443
9459
8662
8567
8509
8479
8601
8527
8528
8529
8537
8807
8913
9342
9316
9398
9484
9130
9189
9112
8946
9001
8835
8738
8864
9456
9408
9312
9252
9095
9208
9227
8688
8689
8636
8624
8559
10010
10116
9958
10146
10163
10037
9692
9813
9863
9744
9873
9696
9697
9639
9546
9602
9581
9824
9555
10115
10045
10077
10016
9898
9818
10205
10331
10284
10332
10316
10214
10218
10293
10264
10175
10296
10273
10249
10132
10104
10078
9525
9892
9637
9600
9526
9506
9601
9791
9694
9741
9683
9689
9695
9743
9690
9739
9829
9781
9780
9832
9742
10151
10022
10009
10000
9907
9908
9777
9702
9666
10043
10103
9909
9938
9910
9624
9679
9691
9803
9837
9836
9797
9740
9665
9494
9519
9623
9622
10283
10174
10230
10301
10325
10345
10217
9919
9999
9995
9976
9949
9884
10033
10031
10108
10120
10320
10322
10199
10121
10114
10297
10235
10076
10107
10113
10063
9513
9567
9682
9790
9795
9923
9897
9855
9918
9930
9954
9994
9945
9765
9776
11173
11281
11160
11196
11209
11238
11286
11546
11683
11405
11483
11458
11434
11386
11634
11513
11529
11433
11486
11427
11437
11611
11651
11622
11533
11536
11315
11350
11317
11311
11327
11358
11373
11329
11379
11190
11258
11186
11419
11430
11470
11297
11236
11191
11254
11210
11266
11192
11220
11168
10633
10612
10705
10750
11068
11024
11076
11099
11104
11095
11127
11096
11029
11064
10865
10903
10940
10894
11078
11067
11114
11075
11002
10539
10564
10720
10744
10860
10958
10941
10866
11084
11083
11006
10891
10971
10924
10883
10859
10983
10589
10545
10658
10704
10683
10781
10789
10806
10421
10489
10478
10490
10892
10972
10984
10919
10688
10745
10820
10364
10514
10434
10393
10484
10586
10678
10559
8432
7936
7917
8263
8167
8130
7816
7744
8288
8353
8390
8332
8414
8186
8197
8120
7998
8465
8317
7985
7935
7911
7682
7688
7857
7771
7633
8029
8093
8366
8182
8162
8253
8121
7680
7566
7554
11720
11629
11516
11602
11423
11525
11587
11702
11575
11654
11640
11600
11395
11388
11249
11387
11493
11170
11340
11336
11175
11276
11248
11398
11383
11259
11233
11413
11598
11674
11661
11721
10450
10360
10445
10932
10776
10759
10684
10718
10590
10402
10605
10675
10861
11135
10995
11122
10836
11008
11025
11056
10356
10495
10511
10502
10730
10737
10695
10706
10807
10913
10961
10394
10412
10556
10594
10631
10642
10527
9253
9176
9332
9444
9056
8899
8974
8922
9011
8568
8867
8868
8724
9385
9343
9333
9087
9235
9239
9165
9096
9289
8882
8933
8947
9064
9049
9199
9431
9320
9432
9234
8906
9063
8866
8739
8732
8679
9263
9113
9221
8773
8842
8757
8801
9020
8952
9021
8482
8540
8781
8719
8630
8581
8578
8587
8489
8499
8538
8641
7741
7719
7837
7793
7855
7894
7729
7661
7952
8063
8164
8452
8407
8346
8296
8155
8138
7574
7666
8376
8381
8038
7730
7780
7891
8145
8349
7827
7736
7991
7977
7926
8470
8388
8471
8156
7604
7949
8018
8064
7997
7971
7696
7550
7889
7864
8285
8424
8252
8114
8185
7733
7742
7752
7892
7876
7607
7542
8242
8238
8174
8097
8157
8146
7962
8050
8297
8284
8392
8472
8462
8303
8304
8377
8423
8398
8325
8126
8158
8113
8251
8045
8021
8086
7963
7920
7981
8080
7700
8690
8808
8733
8836
8961
9050
9057
9228
9278
9370
9460
9454
9334
9285
9296
9453
9344
9327
9200
9097
9369
9267
9360
9419
8593
8512
8582
8620
8617
8483
8522
8574
8654
8849
8830
8725
8675
9065
8985
9067
9246
9180
8977
9080
8758
8740
8637
8530
8554
8523
8934
8900
9022
8287
7743
7825
7838
7921
7958
8022
8088
8039
8033
8286
8220
8139
8166
8129
8262
7978
8245
8175
8115
8098
8298
8399
8404
8340
8329
8453
8099
8140
8227
7967
8089
8161
8081
7642
7565
7869
7774
7784
7615
7645
7600
7551
7803
7873
7794
8070
7959
7880
7756
8408
8294
7865
7781
7773
7815
7893
7608
7620
7587
7710
7715
10790
10762
10510
10494
10387
10422
10395
10565
10607
10593
10540
10601
10531
10355
10560
10630
10641
10596
10620
11097
11003
10994
11007
11055
10920
10942
10964
11080
10753
10884
10846
10973
11128
11065
11016
10826
10722
10794
10754
10374
10462
10439
10507
10444
10435
10441
10812
10852
10551
10670
10669
10871
10960
11042
11110
10912
10885
10453
10405
11335
11459
11374
11521
11580
11498
11318
11271
11202
11224
11380
11391
11420
11262
11300
11304
11319
11392
11334
11255
11155
11232
11174
11425
11362
11185
11182
11169
11270
11298
11231
11257
11322
11569
11560
11555
11448
11452
11512
11444
11639
11658
11731
11669
11534
11189
11294
11215
11429
11463
11369
11307
11524
11573
11339
11599
11323
11501
11167
11292
11378
11201
11660
11681
11677
11670
11479
11473
11338
11432
11509
11693
11610
11591
11701
10937
10905
11014
11140
11000
11045
11120
10944
10752
10851
10845
10840
10656
10716
10380
10477
10461
10506
10373
10665
10768
10870
10521
10600
10772
11109
11139
11112
11039
7762
7957
7614
7695
7581
7728
7564
7660
7586
7596
7812
7890
7872
8112
8079
8215
8092
8237
8236
8269
8324
8361
8371
8370
7939
8300
8007
7901
8087
8165
8196
8096
8315
8447
8481
7906
8154
8281
8037
7954
7970
8201
8271
7849
7868
7619
7751
7687
8172
8004
8031
8202
8406
8437
8391
8003
7568
7707
7572
7852
7811
7853
7814
7948
8032
8151
8380
8323
9688
9707
9551
9612
9533
10082
10319
10335
9974
9678
9840
9896
9975
9971
9916
10028
9913
9937
10055
10227
9570
9520
9802
10213
10232
10350
10271
10165
9701
10321
10324
10329
10202
10098
10106
10067
10021
9957
9843
9681
9677
9505
10019
9927
10025
9774
9661
9562
9504
9586
9611
9676
9503
9801
9779
10140
10203
10303
10220
10358
9620
9524
9550
9669
9532
9805
9872
9862
9718
9890
9968
10008
9891
9799
9575
9658
9653
9531
10018
9831
9828
10344
10208
10124
10145
9886
10237
10139
10125
9714
9812
10119
10180
10126
10081
10042
10334
10181
10187
10270
9800
9648
10977
10875
10710
10819
10818
11118
11018
11085
10692
10743
10817
10816
10779
10864
10922
10956
10881
10966
10927
10904
10874
10839
10918
10653
10771
10610
10569
10538
11103
11013
11134
11123
11028
10898
10908
10774
10703
10700
10736
10825
10554
10555
10619
10646
10371
10403
10468
10379
10420
10482
10466
10526
10416
10443
10629
10584
10577
10568
10691
10712
10749
10815
10572
10664
10668
10473
10433
11111
11094
10780
10775
10911
10970
10882
10957
11038
11090
11052
11154
10719
10793
10400
10476
10460
10585
10429
10571
10673
11073
11119
11089
11063
10981
10943
10761
10876
10606
10580
11656
11711
11707
11447
11497
11377
11314
11394
11242
11166
11226
11348
11407
11349
11644
11619
11672
11462
11229
11293
11250
11443
11554
11614
11528
11368
11313
11275
11187
11520
11457
11418
11565
11583
11541
11303
11411
11442
11523
11535
11455
11456
11424
11397
11332
11291
11241
11163
11179
11247
11184
11284
11563
11519
11410
11446
11180
11289
11261
11230
11181
11402
11326
11376
11719
11686
11638
11696
11714
11551
11545
11417
10694
10801
10661
10578
10729
10725
10604
10588
11053
11046
11121
11054
11074
11106
11001
10948
10895
10925
10640
10634
10550
10493
10401
10367
10509
10800
10724
10467
10449
10423
10492
10582
10544
10647
10899
11059
11152
11107
10991
11020
11126
11015
11113
11144
10959
10786
10802
10835
10739
10717
10728
10805
10923
10945
9649
10032
9710
9576
9903
9794
10310
10272
10255
10262
10099
9928
9964
9638
9768
9854
10058
10161
9849
10188
8629
8606
8710
8968
8667
8824
8536
8649
8498
8497
8547
8984
9091
9476
9245
9108
9121
9164
8856
8749
9226
8863
8811
8960
9033
9053
9066
9238
9151
8983
9483
9397
9392
9331
9330
9462
9363
8709
8605
8737
8861
8862
8886
8844
8756
9052
8951
8973
8635
8627
8982
8959
8718
8874
8653
8670
8535
8493
8787
9225
9196
9341
9435
9299
9075
9024
9023
8923
8893
8949
8892
8916
8924
8942
8999
9000
9054
8545
8665
8659
9214
9261
9260
9118
9144
9150
9119
9120
9259
9161
9340
9329
9452
9348
9309
9349
9093
9204
9262
9219
8748
8772
8779
8860
9074
8912
9007
9028
8898
8967
9029
8897
8905
8904
8932
9025
9062
8575
8546
8445
8348
8206
8062
7933
7931
7955
7755
7809
8207
8173
7681
8044
8028
7916
8049
8192
8184
8478
8387
8226
8476
8460
8469
7593
7900
7740
7790
7562
7665
7545
8295
8459
8403
8386
8448
8326
8125
8177
8078
7925
7585
7613
7735
7632
7899
7888
7802
8056
7944
8111
8144
8343
8133
8134
7907
7883
7801
7779
7862
8250
8191
8328
7995
7758
7903
7863
7770
7644
7641
7569
9404
9207
9283
9218
9328
9499
9359
9422
9391
9243
9232
9139
9148
9175
8928
9060
8972
9032
8640
8584
8708
8859
8623
8573
8521
8634
8993
8723
8775
8834
8891
8771
9464
9339
9061
8966
9006
9019
9188
9271
9126
9149
9127
8622
9493
9295
9046
8894
8776
8810
8592
8487
8943
8987
8841
8504
8628
8666
8619
8549
8585
8566
9314
9482
9310
9266
9244
9458
9436
9311
9465
9102
9048
8806
8800
8895
8848
8780
9047
8508
8586
8600
8700
9055
8823
8699
8316
8438
8277
8461
7996
7699
7824
7854
7573
7727
7709
7951
7961
8178
7708
8235
8135
8365
8451
8293
8283
8193
7856
7718
7835
7934
10491
10488
10372
10404
10611
10386
10758
10440
10483
10711
11098
10967
10954
11058
11086
10844
10654
10999
10928
10757
10693
11431
11597
11570
11472
11408
11361
11337
11280
11285
11235
11164
11214
11188
11227
11469
11412
11403
11692
11691
11650
11557
11676
11579
11333
9817
9597
9762
9775
9764
9737
9738
9736
9735
9577
9616
9636
9518
10068
10003
10127
10221
9986
10002
9917
9751
9770
9554
9580
9650
9621
9635
10030
9887
9771
9734
9844
10359
10228
10229
9929
9944
10069
10134
10091
10267
10129
10073
10141
10330
10204
10075
10074
