3636843
12494
12369
14868
5477
13303
14802
12220
10332
282
9328
2468
3722
12749
4932
10584
9197
2064
14917
3736
6598
4612
7692
6592
6741
9107
10001
4116
9250
215
9251
4898
14900
9291
14875
321
2998
316
14855
6901
8660
2475
1525
12165
12865
12744
2180
1747
14220
10744
4865
4577
9335
7568
2137
11706
1739
10408
13714
3039
13327
6604
10010
731
4236
12288
11692
476
5436
11079
3796
4610
2762
709
7299
14667
7050
1769
4601
9095
10642
8029
9091
7612
9151
11788
203
4276
88
7835
10334
10497
4539
7192
6521
1978
4572
7815
12862
8006
7094
8869
11078
4335
6282
6472
9873
3658
1771
13246
8804
10109
8145
7930
5038
6715
2702
4593
12157
13119
9155
7017
10750
2488
4188
8253
10857
2265
14247
10233
9087
647
7275
10287
4639
14688
12835
1663
5107
5948
11968
13090
8868
12730
2930
13311
907
3808
7459
194
8697
12554
206
11055
6595
15028
7754
6348
11857
15006
14772
721
4828
10161
1227
14787
6232
7272
12762
4851
14006
1367
4443
8097
14991
4326
5806
8018
4844
2753
12472
10201
8013
2118
13915
2114
2284
1846
14774
14689
3431
2289
3003
11843
10430
8412
5836
4622
5829
9289
8514
13024
10639
7283
5793
3751
3897
8947
3933
11292
7570
4437
12834
7067
10683
4161
2203
15091
1072
12131
1372
13670
3904
5199
10380
7574
8188
2116
14854
3624
15019
14456
1774
4602
9407
198
7731
2651
7800
9092
13326
2591
210
10303
1211
8862
6205
10232
8315
3414
1772
400
197
5180
2392
1067
10250
9114
2725
11598
4279
4628
5343
6224
10234
6605
1349
4005
4334
11478
208
10735
10914
8218
4348
2292
8652
13466
6739
2086
7360
12849
2080
4379
10711
12868
913
1579
6999
7649
10960
8650
13292
13044
12523
10299
9517
8502
11875
7186
9883
13301
7582
12572
10981
14080
11625
6459
4890
7853
3731
14987
7775
4358
2578
5534
1501
6720
397
14732
4461
13099
2652
8089
905
1679
10812
756
3809
3479
10146
7743
3458
3868
1890
3822
6880
6229
14005
1036
11970
7836
1269
12085
7891
7326
10488
12493
11422
7479
11817
15082
841
11954
8837
14261
13950
12827
7127
14928
6874
1088
11984
14964
4189
11733
834
7840
14831
7276
11949
2794
10640
11894
10132
5991
8131
9623
2141
8056
12041
3835
12527
7277
11959
4378
8442
11463
5989
8948
11950
6381
15061
6717
12900
8504
1917
13804
10242
7804
5872
11787
4658
8819
1325
8645
13087
6593
11301
1864
10663
2492
11948
1074
12269
14037
4814
8155
4763
2257
4589
4187
10698
6318
4644
2469
8146
14481
6565
8021
7938
4682
4006
6424
7132
7774
5090
7296
4322
11165
1168
13715
14321
14927
9219
2403
5089
12833
4861
13092
13676
4569
7772
14976
4642
2340
4263
9353
6216
8031
11956
11644
14757
7656
7065
10489
11196
13299
9002
11995
14398
10247
7159
8644
5252
1071
4069
12772
4901
10466
6855
2352
5908
4324
13988
1233
12221
1356
1322
1122
6332
3548
2931
12200
7925
5725
8409
90
14066
5662
14319
4103
14296
933
3694
7193
12466
13277
296
3649
7206
14060
11962
13091
14534
1368
1229
11398
8436
12519
4849
2300
13380
5262
1857
13212
7704
1820
3453
2219
3543
11943
1451
284
5857
5833
8112
7787
9387
1633
9158
9872
12313
1798
10149
8898
3987
12821
1226
14228
4268
359
6559
9244
10310
3634
11827
6763
4886
4478
1815
309
9285
9245
1351
14815
8143
10733
8058
3419
12695
14703
2309
5801
12850
6873
10536
5175
308
11728
593
3901
5840
1516
13877
1919
12049
8668
854
10855
10853
12770
10821
3900
4862
7279
7762
3506
295
4659
11538
9130
4333
10145
9195
291
11090
3755
12729
14770
13089
4575
3717
4591
8594
12662
6291
251
14270
8242
2987
12296
2136
1788
2866
12051
3859
11693
2997
14302
4361
14975
6336
4402
4933
12306
1140
14924
1363
7001
4277
14792
6930
9416
14490
14988
10510
2653
1245
12553
5157
9159
2260
8870
11951
10235
11392
13718
14788
3245
3723
2311
9096
4841
5425
5533
6925
8077
4504
10712
6406
4908
2473
14163
4590
6546
7966
14810
1844
15090
11830
10575
7102
13725
11977
3949
14650
7052
1804
11917
4664
5393
10155
4661
8589
6242
7216
9021
2988
3732
4010
11486
2160
7689
9102
10473
4190
12642
13979
9169
2454
12546
11509
1851
11613
12277
537
7363
15030
14959
8779
1976
7489
10701
8087
13283
8684
6446
7209
11610
10568
13565
7686
8040
9148
320
14482
10725
2782
1975
10181
8005
13174
3842
8571
4243
8066
5787
14762
7156
4573
11366
6442
6728
8923
11367
14957
1920
9082
14871
6199
12081
6237
8384
10459
9055
12512
15032
1136
12343
7214
9149
9022
7789
12740
7140
12168
7941
1510
2760
11578
2082
10197
4624
364
15015
1348
795
9090
11295
12160
10578
14513
14635
4663
4904
3402
12845
9177
5355
11312
14544
1373
6735
5353
3478
11992
1779
7194
14977
10429
3404
15088
11253
10156
959
13261
13661
10128
6243
5091
5951
2932
13260
7790
13427
4436
8699
8413
2321
12818
5639
8552
4156
8241
11297
1043
7917
10116
1334
1299
10365
1535
11323
6906
67
13716
8014
66
11068
318
6407
8443
10556
9053
15033
7039
5467
776
13426
7044
7902
4202
10678
2066
1029
15034
11494
7954
1252
12817
6396
947
11427
11981
6722
1302
9072
7931
13028
1576
11820
4680
5941
806
13985
1602
6624
1447
13059
11824
12438
4501
8576
11144
11431
11720
1376
7473
10409
10671
10722
10458
7230
11684
10482
4598
13961
11737
13280
4254
10938
11918
7982
2248
7158
1509
3551
8742
9024
4567
1835
10796
14029
1546
8825
5755
4734
13034
1458
9263
10105
12356
4733
10054
4192
10883
14727
339
2377
87
1614
1859
12624
819
5075
9566
13012
6511
3100
799
794
6266
7298
10615
3104
5187
1462
13011
1592
7271
5399
3082
10603
11688
10309
10919
5065
4836
5885
5176
2657
9165
4870
12737
6307
8631
5550
390
5892
5362
5171
9153
261
3085
1173
6922
12230
9139
12228
5302
6742
4615
13443
8767
13263
10522
14049
3083
12806
3527
11575
14525
1806
8892
7330
1709
7013
14594
5819
8836
7945
1703
10188
12389
11270
9910
10629
5430
7898
7981
2721
5775
525
14848
4500
9136
2245
11805
9890
4992
1590
10586
14816
5123
5181
5675
3816
14435
413
572
7678
5304
6534
14648
4617
6743
1507
5986
6589
14351
12469
8701
5632
3573
14044
8762
14354
8763
7172
10030
1641
1503
5275
1984
807
8126
322
1237
7387
639
11407
10386
10963
10964
8379
813
14338
3462
14317
6759
4640
4524
10886
5290
14912
8035
12790
86
690
5070
8700
12786
6750
4630
4075
9157
7207
730
13821
13289
1946
2741
4580
14054
9027
1378
7120
11228
11719
14262
13290
14357
10541
10822
5330
12887
12732
12339
12043
8084
5870
4715
13350
4445
7219
5080
5081
2264
6474
3818
848
8838
6981
12116
4386
4556
3099
5240
8672
7478
919
7268
9500
6825
11258
1069
4247
7233
2830
6856
1354
6484
2791
12362
13236
5098
12030
13003
12340
11272
4900
1713
9501
14785
13275
5971
4435
11496
6416
4619
6745
7320
8046
14263
11536
11744
12418
6902
6982
5792
7816
4546
14679
10761
516
12702
11919
13321
7485
1594
13889
10403
10123
11115
9626
704
200
12894
4563
6762
7488
14013
6436
13104
11181
2769
9215
779
14914
5874
9066
6703
6892
4635
11223
2348
2387
4633
2111
15014
10745
702
4293
1135
5882
1861
7598
13600
8092
4872
8366
11761
13144
13571
11501
5984
12768
8683
11851
131
3645
4113
3020
5135
11193
4609
4568
10400
4637
8929
2261
11417
5113
14051
8529
930
4648
13991
4502
13545
10141
1522
6885
3101
15009
4439
6154
810
3838
4653
1389
4595
10371
13106
13107
1109
1477
2299
8184
8761
3833
6911
3863
12020
5898
12937
15085
13611
1845
2724
4438
4372
199
1449
2272
14994
8042
8834
12210
10308
10218
2795
10152
8015
2746
14651
7109
10953
10413
8098
1407
698
2193
12842
6751
10117
12158
14652
13997
11224
5134
10396
11646
13220
11158
11927
7901
12279
10131
4507
8474
13696
7942
10828
4647
11056
8057
660
10724
9246
4584
2333
6377
11742
9333
13389
3471
10006
4086
9128
10529
10474
8124
10057
8451
10585
28
3459
7210
13759
9542
12130
2247
253
6594
7171
6716
11983
8698
2582
5308
12844
12670
7322
522
6068
8132
12620
12823
10622
3992
14350
1670
1433
8735
12773
77
12442
11388
13435
12893
11871
13252
3055
13195
11668
13792
11609
9561
12919
2661
9604
1547
6600
11399
3312
4538
10623
9908
13472
12712
7967
13402
12992
12923
1450
12815
6714
5243
5244
8917
14057
4203
11096
7383
2658
10596
12699
12696
9510
4859
11592
10432
9352
7170
5192
8135
1795
6435
2626
2295
6428
10616
14584
417
4469
10710
8809
7573
8182
10730
10359
13806
14670
2622
455
12796
2297
13097
12196
2415
1479
4153
3375
7597
9028
1597
12270
8306
7356
5391
8082
6712
2305
1345
6827
5712
5256
10937
14358
12040
9611
5739
5076
3135
4957
12036
10034
1504
9594
12039
1548
3037
3084
434
2954
14010
13235
1060
10036
10470
8392
13969
6226
4460
5854
9494
10928
797
1635
3110
6288
5100
1784
12600
2142
10818
10569
8704
5349
9522
13027
10631
8106
9960
3142
14336
4652
13974
13219
4222
14416
509
9621
6389
5434
11821
5182
7493
1540
5305
661
11618
3403
9338
7585
4613
11027
14649
13805
12911
12372
13822
8952
6696
9909
14595
6491
6033
12892
9059
4387
12934
9506
6198
9905
3650
12316
876
12177
5711
8731
7234
13238
1240
5152
9025
2273
4706
2891
5900
7822
4345
7041
3536
6049
10095
1731
193
9084
7947
3570
9612
9108
11790
11063
3862
5905
7983
801
1796
4330
2067
12274
4874
1555
3398
11615
2283
456
6034
10021
11026
1935
14560
250
1677
12240
4967
4656
1608
10016
69
1307
5904
6760
1954
11616
10632
1553
6215
7999
14364
5316
4484
9229
5466
774
1997
7370
4707
12361
9316
12947
257
11993
6475
6671
11653
1132
9957
4235
5136
11057
6335
6532
4821
2286
7676
13955
8210
4542
925
5869
4098
5791
12099
12608
7200
11925
7160
14632
818
14252
3493
10158
5718
11789
3435
3399
12824
974
10119
6919
13360
13960
12536
14281
2822
12651
9198
13959
6289
11533
12018
14671
5371
505
14348
13385
13037
4555
12928
11565
14886
14817
9922
8572
14639
1554
9350
152
14642
5943
10195
4536
7420
13109
6726
7174
13217
13216
10111
2627
5746
13084
14339
14222
3918
12034
12921
10033
9868
9571
410
948
14258
121
1990
9929
8085
12997
9955
3741
2382
8394
190
1467
1034
802
12927
14818
6951
10516
1692
12492
796
2140
3746
1031
14721
12229
12065
10692
12931
9565
6004
3688
7827
9563
4976
5429
3444
11636
4205
13895
2384
3231
5106
12655
11562
2537
2899
14558
4868
9521
14775
3202
8437
3106
13747
9185
2479
9564
13324
2071
8294
5395
805
10682
11831
750
3747
6359
9186
8295
7169
1805
6196
5323
5324
11631
1577
11560
7220
7377
9593
7202
3656
1860
1967
530
1898
10602
3689
12926
7212
793
11581
4714
1764
5678
2938
7203
6048
6837
8765
9629
13587
2895
52
1994
8397
61
9495
13774
1506
1508
12374
11687
10394
4973
6358
14547
2293
12805
944
945
5693
7113
12918
7114
7118
7117
7372
11475
9154
13588
13096
4503
5894
1133
975
13125
5
4305
12198
13995
9954
10056
6331
1589
14389
931
729
7948
7799
5408
14691
5274
10894
9911
14341
1965
1964
12885
5403
10826
4557
7115
8110
7591
6487
3882
14229
13741
5377
12920
9556
5611
14326
7060
13245
6456
13438
9961
14685
11794
11546
12754
14436
6836
7004
3750
9163
9567
10053
14048
14328
5288
14008
3740
14325
14324
9912
9562
10027
10439
13108
12038
3093
2628
8075
12035
6031
4626
6748
2314
5887
9923
11542
6241
3665
4794
4719
7849
4313
6235
6297
10017
94
14588
9962
14640
6131
14337
12166
7939
7007
6304
13689
5179
9590
12925
12452
1526
13949
13032
6265
2923
7470
6312
1518
12381
10015
13317
95
12373
6084
923
12456
14373
7328
6862
1598
5891
13547
9228
529
3089
1623
7729
12929
9351
13222
11106
3173
12650
7577
6453
12550
29
5740
12594
6052
2073
14518
8998
9557
5733
10709
14353
14260
9965
12922
2821
13574
12989
6411
7885
3734
2249
3860
3146
6713
11141
8083
10993
1545
800
7429
9866
3073
9586
11891
14687
5208
12930
12402
5209
12884
5710
13746
2752
92
1494
173
4314
411
9963
12437
1682
1732
5987
6070
8590
10708
8554
5103
13035
6030
3544
1490
14058
1638
6239
5896
8381
11629
9569
10022
13916
5141
2228
8617
2108
8573
9578
2711
14812
11726
1736
7394
2728
3103
4204
1362
3174
5535
3115
14633
9881
9743
2766
7012
12575
60
5087
2792
10014
3334
7082
2063
5626
9958
3179
5261
4720
5341
2371
3647
9581
1948
2858
145
9875
7869
7232
898
6918
13962
12682
3553
8638
2088
9199
968
14575
4092
10073
6096
5409
7362
414
5889
12140
13570
9860
5897
3311
2704
2703
7455
762
9583
6327
9558
1562
14625
5039
10012
8233
7584
3382
10781
13546
8768
1360
9296
14349
5000
9068
9047
4737
1126
4988
8081
6308
1618
11813
12683
3664
1278
3932
6513
663
640
13784
1200
7866
8609
9434
13744
6421
9699
783
2495
11671
5462
14564
1265
1454
2630
9446
8100
2533
12093
12540
5211
3261
13753
9793
2327
11098
370
4229
5566
6135
8880
12387
13708
1385
9761
561
10347
9404
6430
12136
7633
13874
3289
13858
6850
4182
6103
10705
1273
12337
7365
4876
1137
1232
13007
11483
3699
6661
1461
3265
7916
13885
9011
3996
5545
9573
679
7630
7528
6146
10343
1622
2150
8326
6622
6195
594
13497
9008
12071
3995
3214
14895
10253
9778
12312
6111
14406
1236
9124
8664
5130
6217
11987
10768
11274
82
38
11248
11667
1886
10020
12185
3586
15099
9816
940
10267
1757
9887
7411
14840
12535
462
9821
3090
5311
3258
14142
9882
2864
9174
4721
12962
491
8165
7940
13502
3539
6120
8915
555
9980
3227
6630
4690
12726
8926
8224
990
13
7606
2712
12031
5655
5270
7329
2909
13893
9937
10878
11558
6574
12167
10328
14476
9634
12411
15096
12518
9007
5291
14517
11912
11537
7622
3848
3206
6122
5326
17
4357
5269
8375
3298
8344
355
2480
10751
8839
8191
9005
14457
768
2551
3621
6798
1383
14804
7358
1961
188
4928
8023
8533
10045
4128
12798
1204
14371
887
2558
3690
2974
4049
4668
5083
1186
8717
8755
5771
9934
9819
7531
14154
1304
8759
5677
5108
3910
3557
4924
1083
2688
14611
3017
13437
2275
14141
2654
5610
888
1196
3911
3599
1807
1745
10087
9742
5697
7511
3259
14713
6849
1758
8094
611
6783
11389
14114
6685
342
5543
12302
908
8802
8568
3219
10151
14355
6786
11897
11497
1318
12468
7615
5334
2288
5354
11317
9221
10778
3600
9308
3319
1282
7523
13831
1139
14079
8521
5307
14478
14455
3555
5186
12001
2684
236
12591
3440
3288
8689
11876
2984
8598
1960
4742
11189
2166
3696
7236
13894
5726
5126
9276
7130
14311
12797
6801
545
4669
8887
11152
8162
4163
449
4308
5741
12961
5012
8166
12272
5024
9423
4775
6817
3112
8687
4804
8686
6300
7161
3961
323
4752
6349
6452
11614
1818
5101
11259
5194
3666
7445
11142
1938
9997
7813
3989
4831
5670
9343
266
2882
3563
10837
5093
9109
3264
11944
9345
4167
10706
604
9831
3739
6433
674
9379
8169
9344
14699
11125
634
3709
14695
9638
12690
3291
12960
12074
7167
13878
2079
13567
9097
14075
11266
10922
10275
3045
6342
6932
13947
9916
8826
9252
6896
13409
7075
4341
1753
5072
3589
1821
657
7166
9914
9665
12771
7247
12971
14903
8349
9888
6603
12532
2787
11190
311
9256
13793
9706
10288
5689
300
7859
12132
14938
3674
1426
3671
6777
14138
219
8373
2366
3592
5254
1435
11727
2317
7354
8355
9218
8022
1839
8935
7812
8215
1430
3541
13929
11267
11018
5027
14395
2058
3608
9035
582
5523
2242
13767
7351
14095
3618
13868
3105
298
14031
9314
2903
13637
4724
3326
6897
11561
3379
3626
4181
10679
2413
5685
3190
3515
5728
7623
12909
6444
14137
6450
6413
481
14716
2829
11013
957
11404
9926
6895
5525
5524
3262
2926
7862
3348
6293
4044
2432
4390
12287
14001
7958
14592
6136
4340
9212
4847
8497
9248
6787
852
1382
13214
3035
8685
3026
3914
12774
3561
9636
4921
6102
3670
13800
324
6577
3320
2545
3207
3198
12539
127
4250
11412
8296
14240
2888
12673
14797
12347
14700
4911
13766
6609
10609
1210
7555
10075
6134
1867
14170
12615
2750
6493
14835
11438
4024
11543
3427
12145
6378
186
9744
3915
9702
14603
5687
229
9588
631
3798
3652
9098
8340
9932
3912
6666
8891
9401
8716
128
11114
1285
8789
3222
3562
1574
7980
1084
9846
9360
881
8944
12692
6230
987
2310
1760
3324
13775
14210
5980
466
3968
11601
7984
13313
12576
12060
1868
6326
10150
11768
9913
3907
9864
8890
1247
4551
4007
7434
1756
7501
2706
11405
13984
13830
13867
14119
6143
6590
5301
3127
11395
4970
13749
10249
1198
14566
4910
6011
13273
616
11394
5133
11352
10348
693
15063
12557
412
13906
3908
11554
14759
13636
3182
391
9356
9637
11605
14710
12974
5438
13669
1259
7987
8853
1191
3021
14140
5410
7510
15109
182
12209
7841
3812
11080
10836
8708
13828
4455
7559
995
10286
8659
9640
10890
4660
3522
3598
6012
12351
643
9924
9856
11931
7888
2840
11315
5664
15108
13837
8795
9012
5255
3132
8811
7807
3400
9004
12104
10835
3203
13814
9036
62
5389
9006
9275
1241
4919
10972
1093
1874
5919
1145
9826
9551
5310
12602
5958
5964
6186
9384
3129
4875
513
6024
9077
9748
5009
7972
10404
9464
11306
6974
472
6065
1011
12408
9845
2698
2425
3970
14225
9674
2337
13530
9383
5884
15024
5721
3832
6006
14133
9752
8967
2486
12212
2619
2129
5902
11676
1733
4937
7534
7877
10971
14150
7557
9833
9467
10916
5299
659
10785
3044
1275
744
7444
3957
2191
12743
14015
11659
11725
8814
4
1039
2634
154
11928
2525
5920
3530
9426
7962
6847
6494
2867
1205
5489
3235
9681
8626
5838
6388
2029
6025
7811
5654
3211
9051
4260
5069
239
5363
2514
14087
12886
14230
8970
9893
11440
1492
3169
8574
8232
8170
13919
1922
1292
11410
3556
4134
7142
5203
5758
7783
10756
11047
4662
8978
14452
5682
3909
5164
15060
7933
1414
8946
13310
12439
9358
6764
9639
2487
9979
9509
2455
8750
5008
12286
6927
3766
13414
13482
12016
3830
1968
4514
8705
6536
3623
2742
9101
11172
9925
2466
4673
3213
2917
3284
2324
14169
11357
8522
5574
8846
9830
2521
7395
12284
576
4158
6528
662
6958
1671
13683
11433
14128
4417
11854
14129
9428
13847
3216
6085
13049
14110
11638
1253
7932
14666
11406
6415
11009
8350
14475
13065
11506
10666
11641
13474
8226
2995
722
11048
8189
12709
6159
4488
12179
12009
5231
14948
3058
13713
10987
13094
8507
3657
4916
3148
6616
8153
3343
8432
14159
11010
3168
13722
1488
4371
8479
12080
6426
11097
5442
6554
8194
11445
3583
9287
6515
14448
8895
2967
2873
1519
10257
5959
113
14415
11952
1453
9179
1955
14672
12432
480
12968
757
12637
617
14885
1693
694
8861
1977
5364
3290
5156
11582
6099
11796
502
9138
3013
3526
2915
559
9362
3967
13623
733
9190
5827
48
3323
3236
12738
1877
13206
2878
221
3823
14107
281
7269
13686
6625
14000
3641
1826
7379
13369
1087
10509
11085
1696
4864
2133
10115
13284
2132
12355
13591
1024
13285
9632
259
13408
12223
2937
6596
9855
10321
328
5742
13423
4391
11866
3177
12995
3449
6680
13519
3879
10424
11921
7950
14865
9651
9463
13392
13077
13242
3238
9749
13045
9369
8534
451
5368
7074
8833
14905
343
13524
6284
13866
14576
4023
10346
13952
3053
1051
7403
8961
11369
3864
9820
473
13730
8345
8773
7438
5729
8164
14740
4954
8322
474
6638
15055
3676
482
6527
11455
10269
6635
14500
3111
107
10276
8877
9310
9
1189
11234
12353
13272
3892
9822
12174
1883
6634
4955
10860
11569
2680
6177
7660
1402
13047
6152
8173
2855
12731
10780
12501
546
5817
1876
735
6174
3465
14390
13599
11484
13987
11600
1856
5715
8771
6676
4199
4427
1824
4454
10579
10081
5784
9763
2944
532
1828
10072
5927
5050
10412
379
3880
459
3463
6663
9111
4959
13606
15059
10066
8268
10355
3507
3595
3594
10163
13924
3226
8775
9667
9123
14712
6183
13500
9183
4055
5849
13816
1854
10393
14082
5604
6287
10238
10859
5554
6117
11712
5811
10255
7088
162
10172
12146
11237
14778
14081
12612
5437
13723
8605
9669
302
2395
13945
3852
1445
5674
3050
14386
8201
6449
6149
4765
6977
541
10861
3965
3270
7679
4532
6445
4043
10554
2980
9953
3152
1048
3405
9792
2877
13526
5016
2236
5259
8871
7076
10325
4403
9288
4121
165
12061
3229
8265
13667
11185
8578
11800
5233
3521
13067
4206
13761
10858
676
11335
7125
13231
3708
6621
10245
12996
13794
14795
12981
13076
358
7525
11459
3668
110
9647
6591
875
591
1649
3552
9110
11243
11523
9633
10748
10913
13541
12634
8303
4458
11772
452
10211
3253
10909
8647
9282
306
6637
2014
8407
3154
6481
2018
5061
8276
12611
5017
10986
14660
14936
13014
6328
10296
644
10688
11908
1296
872
11881
11425
6157
9794
10307
8776
4375
8200
3464
10214
3963
12941
8729
11052
477
10668
8468
1493
10144
12847
112
11499
7611
14253
869
10455
7321
3237
9184
11340
5845
13140
224
10261
500
4991
11722
8185
5505
5223
7467
13117
7152
14715
9466
8256
7965
2538
10908
11081
9261
2935
3872
13494
8329
3788
63
11635
4074
1415
13684
11355
2985
432
11905
12391
8183
3413
14862
5258
13342
10460
2509
6302
10264
2924
1897
9766
13902
81
10335
9928
4428
8531
2361
9365
10028
8770
13903
7364
10088
9478
12107
12858
6167
12767
8228
557
4745
7002
4516
11334
3151
10258
536
13395
3636
2911
10681
12428
13721
12766
10553
589
3629
11044
11662
5048
12007
14020
3030
11282
3371
1099
8885
14748
4032
12629
3455
10381
12227
4850
10566
13046
13503
9692
734
12859
11626
3919
1013
6078
2519
6939
2941
13907
7188
11776
6204
6909
1190
600
671
3853
4480
13777
7672
977
4807
12405
10206
6086
375
4963
5912
9439
1539
9783
11222
14191
3470
5337
14608
544
10018
13525
1879
1070
6639
12723
3263
9858
4946
2027
25
11890
6042
12606
6107
12293
6108
6535
10354
765
269
13705
956
6109
2506
13819
3275
2435
6628
12150
4674
14076
6067
10525
11711
6938
1388
13516
7456
12063
3350
13388
325
14419
13569
3513
8570
5618
6093
6765
9762
4389
6878
9737
6502
14109
10208
12173
10562
7373
1913
7355
11707
3230
285
11031
11841
12703
8477
8171
12970
7375
12199
14396
4473
12004
11971
4429
9869
10254
2919
5202
9800
8199
6271
39
8764
3991
2942
14555
13387
7057
2879
6151
14717
3804
8639
8481
6699
12490
10968
2001
5629
9813
3524
13934
2825
12967
9069
3034
14310
10096
4262
10282
11385
12201
7668
2844
682
13841
13720
6708
14735
738
1018
732
675
658
2854
511
14780
3787
11797
4842
10767
14139
1012
9775
14121
4082
4835
1316
9733
1521
9936
742
12783
9811
11207
6184
8159
8618
14172
1889
6130
11673
14194
7839
12378
5461
5336
9976
5458
20
7122
14019
9553
7824
1424
13114
13957
1423
346
9225
5945
3815
12091
11037
11360
10485
5042
7576
12719
7562
114
14486
317
101
7724
406
7587
8458
14803
7323
989
8459
13373
11300
13022
2084
7168
4544
10370
32
4863
12549
11498
10055
7218
4132
2675
3865
1511
14949
5201
13455
13956
1255
10775
4259
3048
11770
3299
5348
12949
13880
12066
1427
6092
7634
4234
3287
9687
11441
8932
2828
12998
14233
6360
140
7556
1476
13785
7985
1045
168
11679
5494
1340
1337
8487
2720
5837
7346
14346
578
2363
672
9042
3974
345
8842
4854
9038
14466
9057
1474
751
3064
9062
5922
1185
10256
9459
12318
9891
468
5445
4104
5474
9104
13468
1724
1107
2700
941
7979
14360
5925
14094
9019
286
4066
10686
7401
7636
1870
4515
2950
8324
13476
11686
3218
5228
9734
13514
7547
11337
3139
8916
13535
4860
9808
13532
13580
164
1152
167
575
9938
8623
13205
12211
475
6148
8582
1182
14004
9668
9902
7533
8383
701
12489
6402
6286
2061
6075
13881
3098
6989
5045
11178
2000
4894
4917
5216
9933
10967
2809
111
4925
262
13680
5921
14664
7530
2542
7366
15095
14600
4197
5699
2530
553
11704
8709
12458
10135
2660
2992
9700
10947
9120
1016
6448
6956
11244
2947
2015
13001
14218
2083
8968
2946
1040
36
828
5563
6043
11663
5567
8667
16
9249
3327
1444
9721
10670
7506
14367
3
6936
8973
5297
12725
10882
9543
8918
14040
8160
2370
136
8727
8694
11059
5774
2904
8280
13905
8127
3505
8665
15010
329
3587
12991
15050
9058
2552
1541
6662
13527
7396
8752
11179
1885
5122
8498
446
2672
2270
9746
10669
8317
9450
3797
14743
10079
14236
10427
6364
4003
1306
6047
13025
12152
1184
10823
12583
9293
503
5455
9559
3088
5923
8888
7475
4067
2470
7304
4081
534
5962
1534
40
3829
2949
166
15094
1251
14314
3140
14208
7529
1355
7224
8429
2076
13169
13239
109
14458
764
8630
13888
99
6664
3215
11503
138
13933
7198
8604
9777
6408
10252
1706
2373
1722
2863
9121
8893
13146
13559
7436
15005
10687
8270
13398
9798
6656
6579
3244
7499
2922
56
12357
3831
404
307
41
3372
2329
3710
5880
10229
10397
97
6138
9686
7222
7435
12032
11739
13496
2550
386
12776
12488
14744
1434
2518
7500
6551
11262
9690
3768
10080
2927
681
115
11370
13534
7071
1153
14510
4893
13543
5046
8267
6175
739
14347
13483
5246
1195
8279
13495
13762
4041
10278
14334
10041
10189
12006
267
12059
12064
2009
6145
1089
12809
1230
6501
8347
3795
2397
6613
5802
10862
384
13679
11036
9760
6393
12810
6259
5826
1425
11339
14434
10425
10193
13401
2842
14127
9805
12516
2940
6045
9701
2526
10672
10107
347
5508
14330
11333
13127
5762
3504
13581
4431
3434
9643
3888
3339
12070
12206
13453
8925
11051
9941
8643
3303
9646
13491
873
11604
615
14512
3631
1294
6626
7385
10804
7826
871
7946
1416
11086
6640
15106
12534
8353
7566
6937
11862
12253
7386
10635
13165
7974
10061
2851
7681
4700
2183
10634
2186
8783
14174
10437
2585
6796
11965
14135
9366
10598
12423
12848
9898
1358
1004
717
12889
2677
10317
6960
13191
7956
12581
7452
11382
10447
10545
10731
655
7146
4304
13464
2960
5867
7964
4381
11286
10887
7751
2226
10136
1214
7708
10251
724
7427
9895
597
4258
4283
2645
10726
10729
7384
9317
10415
5282
12902
5385
12822
4463
10448
2188
1037
1570
3756
9052
1213
6399
10652
2217
10120
13462
15076
9000
3124
10759
1751
1119
10580
2389
11859
1295
11936
10405
4701
4309
7549
11845
1941
4735
4060
9226
4769
1653
1286
10676
12153
4729
2046
10685
3620
10945
14541
3516
423
12217
6808
7688
7744
10571
9945
12677
4784
10633
2859
9377
4792
1710
6704
3041
4697
7905
2447
7282
2421
6395
9357
4137
11771
4267
6910
6946
8251
6601
216
11913
6244
4999
7695
10063
5522
1108
10946
10850
8463
7281
4596
15044
9512
6210
8816
3577
14102
4667
3921
7011
12563
1284
15043
11280
4015
2448
12446
8434
8549
6805
7053
14182
1903
7561
9600
13163
424
9359
2476
5966
11490
8820
1212
4518
8912
1496
1775
8981
5342
6212
4548
4359
6489
4587
3827
13397
10190
2189
6354
9206
4618
5976
6294
12396
4638
6281
3847
13297
3593
10491
4592
2596
6732
8334
2990
1999
2716
7008
12877
2736
6252
7723
6729
4980
3448
14271
13647
7635
4603
7318
2119
218
1810
2206
3846
1741
1580
2196
4323
15029
1283
2781
2091
4562
2093
8325
8876
12485
13844
8030
3811
11757
4118
8010
13413
403
14841
2726
2262
5835
13937
9552
9349
6114
8425
5440
14498
6098
7575
6970
6539
4275
11795
5529
2790
5612
10547
9896
5913
10776
10817
15031
3799
3807
231
3971
10839
708
12330
5485
8966
11682
2452
11377
5300
10259
13726
14979
2147
2679
15045
374
1371
11326
2449
12254
9209
5049
9950
3711
2090
4736
9788
8634
3584
10376
7664
10876
14828
7227
2624
11612
2566
9443
7874
4805
3210
7702
1593
8229
11110
9415
10374
11596
12685
10917
2169
10503
3655
15092
1121
1640
6810
9796
12571
2174
4803
6816
5842
9688
12341
3352
8223
4180
11030
12252
10847
4380
8654
9880
3844
14103
5365
9654
2047
8908
7746
9449
9232
2450
2052
14542
6782
7399
9772
3619
8457
6623
10411
2565
8734
5558
7204
1202
10893
10995
9597
5062
4789
7465
6818
5592
9370
14186
11421
7176
6236
5483
7505
12124
5658
4537
10351
4799
7051
12640
12496
3509
4837
10000
4747
7832
13111
11745
11462
8101
368
6832
7795
11504
3418
1893
9511
8996
12511
7755
14822
12829
13811
625
13355
13424
1460
10175
7107
6206
8832
7043
10570
3635
4540
8503
5814
10496
11929
7831
2579
11381
3727
10533
3123
1564
2681
5703
9662
6848
8356
7108
5652
1665
7292
13148
9892
12251
8193
10171
711
4346
12426
1595
10621
3679
6570
4857
10223
2757
14199
5295
2646
4349
11188
1274
2549
9389
9682
9693
11844
2613
707
6617
11435
10865
9660
10453
11104
775
333
11488
3639
3422
6303
11807
4783
7781
10889
8007
4157
7764
7520
713
13941
1469
2599
6987
8547
2051
14059
6861
12182
2172
8592
4702
9065
6964
10574
10521
866
2580
9398
8117
14077
14099
12734
11089
9977
14104
2224
5683
4949
833
4778
9691
11746
2216
6691
14549
7567
7495
6775
9227
11329
3920
13354
4230
10646
6820
5636
11607
10059
12183
12447
13040
2807
2853
3724
9294
12255
9193
9132
7718
2971
9757
11437
15038
2886
8628
14656
10052
2561
9802
9431
9951
5732
1125
6306
13938
4790
5026
12541
7058
13842
12841
9663
5506
4740
5663
2557
5150
8049
10097
14425
1105
12857
4838
5780
4750
7543
5992
12127
12295
1773
12187
7638
10100
14661
14943
6001
1379
9283
14234
10542
3662
4780
7502
2010
4605
4464
12276
12556
12111
14203
6889
3744
4571
11230
11781
13298
5040
14758
13376
8913
9538
7163
14204
6859
13461
8688
1611
7144
718
7963
4634
12555
8851
5251
2135
11409
8090
10763
5586
7150
14843
9003
928
14999
13039
1405
3893
12632
5752
12633
10369
1365
3875
8354
12224
4166
14939
14200
8492
10513
4710
14933
6219
10319
13773
10326
7973
7696
11783
9867
10477
9342
6221
11058
11171
1387
4302
12864
7986
5580
1556
7722
9615
2633
12875
8400
14583
8431
9418
2501
2494
14893
4280
2170
10213
12873
723
12424
10178
4977
10614
6746
11320
7903
9302
13460
12552
13312
11074
13069
2338
12621
13662
10868
10237
7042
633
3828
7093
11493
14202
7099
6264
4559
11743
8955
10599
697
6710
12716
6968
11628
10019
4457
13658
6355
6249
1848
6557
11571
10104
8556
5917
7855
12231
1066
9150
7110
147
6477
5314
13162
6709
398
8050
11294
7049
6766
1536
4147
1963
1300
303
3546
12017
3282
754
11121
8706
11705
5855
3884
7131
7994
11924
2576
1752
5749
7690
9253
3841
2572
703
5372
14756
10974
6731
10801
10216
10613
11403
678
4198
13614
12029
7284
972
4657
8519
7263
11974
10528
4114
6802
7081
4822
13383
5949
13672
6835
4655
10612
7588
4565
13649
7837
7254
4620
8516
6954
2812
13931
4311
6754
11570
5631
1124
5778
12126
9240
7763
3416
14242
12761
13440
5188
1243
2993
4645
12832
5804
11978
6845
9182
416
6238
7856
543
4979
12597
7442
11966
274
9535
11529
11528
5241
6247
14850
6400
6081
924
14272
14777
11525
6267
8430
9424
5786
14053
30
2256
5848
6176
5350
9485
5852
5480
4636
11619
2982
1208
4073
7995
4873
6935
804
2834
6721
4558
4945
13595
5608
8517
4193
10176
10695
7450
10038
12935
2590
728
273
3335
12087
1605
13968
9861
14215
6749
2665
8149
1178
2929
11941
14227
1221
14967
10137
5834
11077
4896
10140
2390
14198
14869
8209
8599
13010
1456
4528
5280
1875
11680
6262
4508
1311
6263
3523
2253
961
6032
13009
1270
6518
1123
13447
11092
11652
11994
3477
2406
10138
1059
9489
14853
10792
2155
10799
6094
7189
4143
15053
1446
1971
13666
8725
10526
14873
1776
11760
6857
14891
8903
3580
5799
8320
8905
9534
8595
2594
10486
8666
6337
11358
1755
4008
993
2393
10133
6458
13674
1431
4186
14771
14268
13972
1932
11219
15040
13379
8012
3610
9211
4825
6323
11239
11061
12311
14274
8249
5805
6872
9217
7020
9347
1909
11513
788
11815
903
3114
11029
9076
2575
5424
12897
14915
12618
3611
10797
11627
11423
1068
1332
4165
11973
11648
8147
14465
6209
6753
6844
13294
14789
6544
8067
14641
3466
15083
9348
280
1359
8195
2399
9394
13769
10110
14898
3358
13319
4325
11690
6272
4298
2360
3164
4332
9716
10782
7073
4294
11291
11837
1642
6733
14322
8073
1768
10645
1392
4597
7139
4238
2298
8953
9079
13314
3492
2069
7600
8566
10653
11075
10551
4470
2081
4356
6583
1352
10362
10293
2420
11836
6582
13098
9255
4768
14892
8240
13265
2039
696
8588
3430
4833
1055
6795
1680
4811
9254
4506
5526
11416
8515
4449
4983
4943
7066
299
12256
2312
1375
820
12191
4149
7854
13657
12481
11195
6533
859
7937
6876
780
2496
5351
5630
14971
14760
12050
2659
9194
8472
2233
14730
8129
12717
14876
4845
1333
14034
11447
2105
5876
3805
4226
315
3802
5625
6756
9326
14318
13566
1374
11176
2115
5859
6757
10126
6202
8348
5315
7773
13063
6933
5539
2138
4915
4451
4261
11976
2606
13616
7018
1408
1900
6761
6519
11940
2313
2761
3895
1850
14870
10323
5914
11955
14973
2388
12898
10820
1675
6990
792
11922
7309
778
3692
1317
1377
4394
14674
547
2713
11288
14882
1557
14538
196
1172
6545
4141
8121
8044
14278
7104
6434
11254
8086
9071
10446
13102
8297
12375
10139
6018
4878
12659
10480
12385
8496
13343
7316
11495
12912
7897
8219
10577
13085
4397
3651
12764
7116
803
7149
1811
10976
13807
6211
1021
10318
11012
14920
13930
12803
2234
7070
2325
12830
12094
842
4877
14881
4217
2072
10643
7742
6466
7085
202
9515
14852
9292
8741
6347
14918
14919
13911
3537
9078
10655
11296
3834
6486
3606
7923
2426
3874
14277
4370
6418
14493
6566
7221
1319
13339
12143
15056
1660
15081
7864
2173
6824
4813
10507
13691
12326
14960
12100
2485
8105
8615
4585
1075
2729
7333
10777
11225
7090
8016
6606
1901
8454
1517
11159
4376
6853
1032
1020
7801
6597
14874
7680
3446
13824
10546
6950
2451
4560
6723
10169
12264
11020
14300
8248
8974
7870
13029
7391
6467
2349
5036
3761
3898
8211
13996
1624
821
11245
13651
8945
14884
1154
1853
4956
7138
7368
10975
10222
13791
12307
2065
8726
7788
2290
1918
3885
811
13677
980
14273
4401
4566
8902
6274
8382
10662
6053
6245
12310
12574
1625
10572
1584
12839
9015
4521
2586
10979
9131
10802
11765
14460
6273
4282
2763
10798
8150
12013
11349
10957
10800
2623
10417
2359
5818
11289
1915
6969
12698
2759
15012
3475
3993
4194
14502
3686
8569
9297
12186
6340
14279
4327
13248
14872
10518
1914
3425
12195
2278
9610
10291
11470
9085
3406
11595
4581
13448
8302
3119
13086
6792
12605
4905
12565
11694
89
13202
4685
12367
13322
4530
3396
10461
2110
1044
14519
7458
2977
5782
13965
1770
14925
1681
10102
12820
5426
1552
1267
5766
3660
8196
3752
9986
7601
9143
8969
12096
12465
7579
4042
10220
10174
11991
3426
9105
2991
13612
710
13218
1471
4834
13890
916
4672
7111
3534
12596
13633
8314
1489
4606
12304
4823
7602
6826
10617
7258
7084
9064
740
13332
11076
9340
9491
9152
3891
7900
8719
2268
7868
1619
11764
2445
191
2548
10661
2104
2282
1042
1571
4990
8038
3648
8088
1560
1563
1830
969
8076
12084
2510
6737
12837
2304
11947
3461
8319
14282
7178
1613
7889
10654
1908
5177
9472
2656
8798
3438
15003
2210
11220
7968
2164
11530
8158
14237
360
2033
5997
6213
5414
6870
14654
12573
13688
6345
11703
8054
13410
6153
1904
14557
13728
13412
13963
7694
9162
5044
1566
4599
8024
6464
10535
8596
4395
8036
4315
3397
8037
14690
9318
12819
8810
10523
8338
10650
4582
6460
5532
2287
2669
12548
4654
7112
15011
8678
760
14286
2244
7135
2279
10786
1858
14997
7481
8212
3883
14151
2221
996
2409
12933
8999
7317
13810
6463
1366
10487
1386
8440
12656
11864
7682
3066
5713
3896
15004
12023
3935
7990
1685
14647
4320
514
13967
10426
1167
12208
4576
7185
252
6208
8330
3500
1966
14965
6996
11591
11221
12368
7730
8181
31
15037
7647
4396
6397
13922
4852
10200
4245
10336
4216
3876
12901
14246
8553
11487
3421
4030
1225
14298
14890
1347
9492
11227
3701
11860
5047
14845
14811
4588
8614
6841
4271
14681
3476
767
4416
9048
7059
12647
4112
2739
5822
14024
12289
4853
12002
4698
5825
9319
11016
12804
12648
4296
10728
4812
4880
13986
12878
7257
13613
11137
7951
12371
14783
12502
11980
12236
1933
13801
8473
9016
14707
10302
12663
3719
13375
5858
7894
8027
2428
11700
1936
14790
6971
8722
13921
8662
14974
14968
14966
9628
4906
8782
7825
1981
5676
14921
15007
6439
13615
7327
7645
10532
785
4191
2691
2316
8041
3947
4233
4207
10390
10699
10364
10500
4338
12870
13150
4393
14839
7249
1998
3160
11489
4498
8889
3685
5738
5954
914
11643
13192
7669
352
3800
7858
8072
7390
8525
12525
11008
11512
12983
2419
14887
1457
10127
14055
10999
2625
7592
3687
6887
13825
5276
9247
9112
14623
10941
1403
14372
10996
10051
7989
1674
3332
12982
14307
1464
14385
12505
7338
6044
12429
4561
5178
4063
5105
5536
2650
7331
7208
5635
3137
2655
560
6193
3159
9944
11524
12913
12044
10592
3172
14480
3144
7312
14433
5052
4083
6194
14548
4248
13436
9579
7335
9160
3294
10037
9412
9724
5131
8475
3934
867
6727
12644
7494
13404
4016
5944
11087
4076
7589
64
5277
4553
13757
12589
12932
9587
233
5245
7332
14383
9167
12718
1235
11275
5990
11997
8528
9862
1785
5899
9592
3498
5540
8766
7580
6097
521
9223
4704
12917
6255
1988
1985
4079
1958
9971
1782
2483
14826
1544
580
9486
11715
1361
2429
5970
12727
11767
627
230
8063
5357
10420
1762
10068
10184
1420
1174
5929
5750
3801
2408
1491
1632
13593
8237
14602
14529
5055
1809
8380
7749
3604
419
5400
3777
8460
14401
3197
14284
1459
14232
8671
8175
8011
7278
8711
5579
469
3473
12705
478
9525
12866
8900
7806
6508
3074
9271
8707
8992
11281
5128
5005
1455
6618
628
4793
7563
9921
7716
13655
10607
5370
8358
9444
3385
14091
8745
13913
1113
14932
14306
2744
4139
12707
9678
12793
3445
9527
5751
11514
9785
9440
9323
12674
14528
1754
9526
13817
14931
10816
5934
6007
14356
3118
9779
13870
10944
3062
13839
9273
6169
1127
2690
6920
4982
5512
1234
11510
14231
4867
4138
14532
6059
4971
6338
1646
7426
2749
108
5043
2414
12364
14628
773
8797
12636
8757
5204
8482
12704
11304
12799
960
11314
3669
14693
7896
428
7260
9641
9361
3347
5004
3059
8543
1411
11434
5320
4743
14585
14340
5460
5717
10464
5373
12603
3999
12184
5151
12708
11689
2743
7828
3155
8341
2416
9528
7770
14160
7406
3729
13488
9529
3199
178
3943
4969
9589
2774
9970
14243
11709
13912
5748
8629
12214
3927
3057
6643
12352
5594
14540
9070
7129
6498
3695
9388
1615
8813
9272
4832
5453
9381
2229
1991
2460
8749
12711
12055
183
1149
3765
5119
7876
894
3193
70
5085
2754
13977
3383
12294
12444
654
371
3280
11415
13998
1141
677
3603
13702
7030
13405
13846
14745
8979
2906
13971
14524
7740
8304
2484
433
13736
851
156
2159
8225
4146
588
12658
2344
1206
5210
14378
7341
8875
2037
563
11823
3314
8512
15008
1759
7766
1549
1176
13323
5757
7517
607
6126
2096
3821
4468
4964
76
11655
3773
13763
3472
4869
3163
9354
2905
863
8192
8452
3820
6476
13630
13471
7560
4467
5993
4712
13999
651
4466
5448
187
11257
12079
7552
14530
12026
10082
9648
1701
3758
9237
12119
6900
5936
9178
1558
12021
8817
6063
7498
3456
4000
5937
4830
10620
12077
4001
14729
5021
10757
11287
4125
15102
6269
377
6695
9305
12582
341
6653
5773
1203
8896
10407
7462
7734
3483
7830
10912
2068
2874
157
5565
4117
7339
14377
6036
14388
12639
7971
14131
3785
7961
3302
2524
356
1691
618
3269
14115
8480
1134
8467
2764
1726
7926
2969
12457
14134
4477
5444
12409
535
7706
1655
11895
12348
8642
1287
5014
2528
9172
12978
763
14280
5518
10352
471
3503
6667
7674
13782
7879
7407
11067
4907
10998
902
5530
9889
504
9907
11808
5747
13643
2376
11519
10106
8740
2154
7491
7929
14287
7847
3321
3946
2928
1254
1019
9595
6578
8470
10582
684
12987
3166
12097
8792
23
13149
10098
1735
7805
14546
4453
10074
1346
11033
14394
1175
5893
8032
4209
10029
5071
14807
13030
5439
14361
1676
10994
5647
840
1737
9904
13739
3681
389
6682
11532
5999
5998
1931
13993
5602
460
3175
12068
12948
8446
12915
57
6633
790
12345
8134
10204
7765
1248
12599
1591
14484
1817
8307
8257
4607
6738
13660
350
72
5283
7303
3439
5145
798
1748
2372
12282
10024
12197
1950
6677
14990
7665
12419
5078
5397
12757
3107
4952
4711
2640
5200
13973
9956
683
2427
12161
3511
13548
381
14359
3713
14477
1401
14978
13603
6207
10720
14426
11302
13756
5988
5378
10803
12500
7474
13641
6670
6679
14362
65
1486
11666
5195
1790
5411
1600
10090
1631
3113
12089
5879
531
1505
13576
2765
14857
1637
4994
8111
5281
8001
11539
9560
12579
838
11589
5605
10719
13758
3769
1482
3890
2907
14507
5138
6675
2800
10517
4586
3869
1094
6005
7659
2383
12906
11108
12000
9164
846
891
13406
14580
2171
4316
2755
3389
12956
5413
14073
13604
816
10815
2459
3678
835
2964
7654
6380
13699
10449
8103
1930
9754
79
585
5284
1899
3387
11099
817
2614
14860
9313
635
12984
5866
5197
822
11145
7850
5571
8387
12584
9505
380
14702
10423
9584
7518
8059
6069
10814
11481
890
507
4997
2291
12760
1792
10597
7653
7652
6010
8289
12759
963
10023
1495
590
5146
14313
5053
12720
1550
8439
2553
646
619
13644
5619
1303
10011
13081
7325
13062
7670
7786
11587
4152
606
4993
5167
4017
8505
365
143
1636
11064
9170
1117
8536
6074
13748
10783
7997
14352
10008
13900
12715
7957
13609
13693
741
3165
2109
2543
5873
2735
2493
14375
10504
3315
8028
5606
2491
10665
13788
9430
5541
5392
12237
14417
8607
10236
10628
7581
13411
13983
727
12782
12826
7367
3333
3185
5456
11175
6669
7927
638
6017
1953
12526
1215
5590
7687
652
7336
4978
3870
3391
2637
5189
746
12159
5249
11246
9496
2727
5278
10962
11150
12667
1443
3609
4985
7865
12801
53
642
5077
3153
5286
5582
630
499
5547
6020
10406
7514
8523
7554
1257
10306
9931
3183
14100
3356
9235
10431
5118
141
5417
5510
10856
10067
222
1015
2035
1095
10456
9260
4471
6611
6615
937
2513
1005
8840
1707
12319
2369
3702
12297
12679
6673
14464
80
5172
10743
448
7970
12609
3420
11155
12014
13274
8567
10266
8646
1743
14714
14467
10966
3428
14944
13851
13815
3313
8772
10353
4011
716
8144
9106
9847
0
6851
8849
11868
12113
4425
10492
13270
6482
9307
12524
6650
3300
13685
13750
11766
3667
2901
11082
9234
3308
3824
4183
420
11432
24
4374
1429
13078
3955
11424
10166
14897
1100
13652
7014
5851
2128
8597
14904
1315
6054
14556
9230
11549
7027
10742
10472
6992
4424
7349
435
2717
415
5011
10212
240
12125
1825
1421
8940
12106
12907
12121
11838
3474
12697
13778
12083
10280
4179
12999
13286
4941
10805
10244
556
10205
12415
9827
13066
9327
8613
6917
549
784
2671
14266
10806
1096
2023
14940
7484
8357
13115
10841
9531
13827
271
4421
11419
12751
13899
4052
12610
8277
12593
7287
10493
4950
8282
14520
12691
10842
13120
12114
9570
13228
1744
13378
11775
9267
7745
1335
5139
7748
665
6191
12445
9897
9710
2870
4085
2989
10772
7697
50
10755
571
8841
586
8258
3254
14301
7382
14722
4929
5486
1711
11730
418
8909
11945
13224
13542
8231
11932
1483
10329
13336
13209
10452
11990
12263
7266
6543
2871
1639
10567
9301
13361
11201
14859
558
14196
12328
12522
6127
14090
6647
13982
8950
8398
3489
1291
3940
14629
8284
564
5624
5144
13300
8020
9171
3167
2202
874
13533
6915
4318
1244
4953
4078
6051
9129
5346
8620
4159
13820
2892
8619
6473
13200
7267
8167
5753
7709
7024
12515
14180
8867
14950
6646
12115
2603
9722
13247
2571
3925
5656
13467
4264
12514
1266
10463
1321
7101
4942
11656
1014
12267
8957
5379
8278
10810
10809
3451
13362
10062
11485
14423
3905
5345
1384
2768
4816
3958
12082
13225
14450
5700
13172
13171
13852
8281
5777
11749
441
7023
13875
8648
7684
3417
3718
3220
3793
10990
10177
10479
11863
494
10185
10462
84
1151
10341
6959
9202
13755
5651
5153
13624
4301
9829
6648
11867
12392
6383
5924
10297
2442
7310
2816
14754
9532
1849
5398
6100
11040
3325
10113
5797
8115
10148
1002
2127
14533
13786
10198
11988
14582
9422
9238
11215
13871
13315
12580
14097
11985
13118
9832
2512
13147
12613
10395
9264
7703
6165
13724
8104
11748
14086
13154
268
9311
12808
10559
3565
13882
3564
10366
3357
14106
8221
6998
14291
10315
7205
6644
14569
10143
6483
6115
5006
12964
340
7239
13561
5785
11839
326
5650
3693
2846
11038
3195
3922
10444
13622
3408
5593
6500
1017
2153
13074
8801
3171
4754
3733
14741
3913
1656
1143
5660
5481
10389
2200
12435
5568
7440
9364
7409
7599
8656
7045
294
4253
8403
4242
11858
2771
4088
9539
7910
14501
1327
12218
13372
5572
6305
13743
10457
13181
8216
6963
2799
7519
7550
7428
9242
10438
5584
2205
4300
4797
4782
12627
13068
8756
7137
11290
8984
2584
8109
10866
4718
7032
11260
10114
11383
7820
14942
13184
13306
12057
1630
11198
6512
12547
8550
4064
14985
237
7920
3255
1406
15064
5221
7490
14363
14249
12676
15001
13061
1448
8985
7886
9460
11365
2592
6220
496
5856
2167
1475
4200
6542
12497
8824
8983
7808
9395
12025
4808
8658
6588
14289
8118
8154
7880
11
15073
10660
10534
8936
7643
10419
1397
13016
1436
7637
2811
11479
116
14984
12529
9596
10049
15065
8655
10004
1568
3858
8987
3923
4843
12137
5916
283
4038
436
2959
7136
5706
910
10896
13859
7400
5155
8611
4407
10895
14441
11958
367
7572
6277
4801
10498
2667
12329
10630
2815
12204
5772
1551
14226
9884
7433
14954
8823
12142
12828
7821
7907
5906
15084
1102
1644
3480
10186
4036
10558
8136
228
3007
4368
6276
8933
7785
10391
8488
14212
7046
8982
7145
7842
14697
8718
1440
4818
9524
14867
986
13138
524
7048
12433
581
4168
5828
7565
11200
12149
11865
13213
10154
12564
2581
5764
11163
9045
7229
8074
13043
10118
1588
15066
3415
13367
10494
14698
850
14504
14092
11903
12867
8657
485
3120
7583
8827
10475
1952
14901
14646
12203
10898
9609
3370
656
4195
14002
13302
14704
10502
10647
1058
6538
3377
12266
7143
11753
15069
10410
1690
11249
7374
12370
10992
10590
7293
3673
4184
14414
11386
2013
8099
12604
1441
15110
7883
7306
1793
11751
2609
982
2379
11691
14889
10240
8830
3725
10467
906
7513
1786
5831
7121
10512
7913
12561
11608
10831
700
5932
15068
1310
11174
5292
4171
4815
12543
12533
12164
10601
15100
4891
6985
5961
3266
11180
14784
10636
2597
12265
15078
10378
10626
7658
10943
10690
11534
14462
4753
6858
6924
10340
7180
6833
15071
4228
5808
12205
7845
14420
9336
950
8152
13051
12422
11732
12641
895
8395
14397
8004
4400
3423
13142
1880
7535
1369
440
13258
15027
12946
9033
2595
938
15103
2600
4810
3116
6860
11826
7231
2699
8453
12626
7776
2254
4688
11747
14720
2125
7313
3917
12440
7359
14217
1466
14511
6904
10530
7439
8449
6978
15002
2789
1982
8670
4303
9985
6843
13700
14706
8108
13173
2187
11362
11157
1634
5634
13262
8852
12861
4410
15077
6316
8910
1380
13135
7908
14926
11515
10664
292
6290
14736
4489
2017
11763
10358
10973
11718
2424
13197
8247
4632
1715
13935
14323
13264
13271
4026
10375
7492
4281
401
6983
4776
14823
10505
538
10418
14438
7571
4039
2910
4306
6967
1218
14726
6803
13345
7914
2647
11708
7732
10591
3630
8414
10984
10638
4211
14175
7733
10543
2179
11062
2134
10956
6823
3117
14705
2161
4535
542
2900
8133
10301
10031
8565
4677
8508
117
12781
7691
5815
1180
6324
8120
2775
2689
2467
7918
15079
11480
14052
12101
14896
14844
12028
1616
9490
11892
14909
11520
1620
7796
2642
12779
13966
13123
4730
11630
5853
361
2605
2503
4533
2607
11754
6888
8545
8493
7031
2378
8603
621
6863
4130
14381
2598
3494
5878
15067
991
10771
7895
2024
8119
3720
13898
15049
10192
1650
5846
2163
4297
12908
15048
4170
12019
8724
10050
10227
7179
10361
14474
13293
4939
9983
7253
12300
13070
9026
13920
8785
2668
9329
8975
7906
5054
6770
9655
13492
4779
11998
11325
12958
15047
15025
4751
8586
10101
7782
7715
387
8335
11999
5501
9786
9441
15062
8874
6190
6809
5487
7147
7593
2182
6776
4722
3663
9409
9989
4914
6256
1881
13366
8003
6586
2770
14427
13480
8445
7952
8161
10084
6607
6812
2601
4292
8148
9461
9745
4785
5861
4791
6422
5094
3607
7603
15051
14399
2102
3637
2695
2692
6257
7280
9156
13050
4329
7909
13054
10469
4434
8994
8339
2805
11153
232
13353
7738
4761
10624
4531
11802
11154
11972
11453
4686
10762
4045
7314
4212
5023
12592
8546
13356
3966
6350
12260
7851
6050
14989
1170
5327
10903
11849
3186
2694
11169
8728
9299
6258
2718
5029
14806
10283
2897
8873
12788
6979
13572
3567
4725
7245
12854
8555
13005
10338
9266
6507
12990
6299
11331
11879
14193
5163
5386
8721
3121
2181
1789
10880
6292
11439
1026
8363
13161
2778
7998
13223
7055
13335
9322
14275
909
3076
3429
4827
2856
5217
9708
6166
11206
10367
10179
13863
7667
14276
12741
4365
11969
7758
12763
13075
10982
3979
13940
6806
9262
9530
6779
4483
9258
11915
4373
1852
10851
13504
2975
12027
13331
301
9727
10983
13182
15042
9173
8733
6352
3764
8939
9080
7537
7809
5469
7700
3642
934
10773
495
11151
2347
9192
13377
7223
14508
5824
8114
7451
14221
8958
15052
13320
2185
12745
11916
4274
5864
7632
427
3774
14899
12379
14189
14986
7644
7453
10388
9371
4290
5018
5816
8396
13337
3597
14407
8483
2635
4244
12607
14255
6822
14043
7334
10112
3579
8921
2862
1106
2583
13522
10173
4284
13064
2723
2145
8807
1666
515
6547
2364
10989
14148
11147
6868
6905
3939
8653
11313
13015
11731
12320
4291
1357
13508
8854
15054
8575
7924
9918
11784
9656
7035
11923
11136
2016
4414
10667
11458
2733
10368
7819
7047
9321
2751
11850
13349
13243
7657
11218
11872
7699
8399
7412
7935
6692
7240
7463
3778
2207
8720
4266
10392
14866
10099
5257
13167
11197
10930
7768
7779
3392
11939
15000
6890
6523
726
10248
4527
7996
2772
10915
6781
3712
13278
5517
7437
10399
1410
2602
12451
9759
10587
9518
9984
7540
9270
14146
10758
2022
7378
2682
243
4176
3845
13175
5850
12746
8919
5690
10700
7151
11126
4408
12259
14516
9135
234
4289
10157
13458
14181
13512
7315
14149
6506
1749
10959
5516
7713
11133
7759
7594
11213
11842
14171
7890
11934
2860
15057
5387
13510
9729
3072
3762
8025
10531
4727
5669
12139
10848
6966
4383
6412
13539
9841
1271
7541
11810
2683
7443
2122
6655
7009
3354
8806
11861
14292
4071
14147
11436
5092
13020
8780
14506
2112
14295
11870
11418
15104
2092
11877
7833
15075
12498
1395
2973
1338
2055
6062
1708
3249
6301
376
1085
12117
7546
1101
5154
14491
11785
11606
6631
2223
2220
12382
14461
9661
12617
14499
11322
12904
11979
11347
9376
14742
5659
14178
7404
14503
15070
7717
5162
715
7737
488
120
9899
9334
13168
4981
9999
8865
5352
14522
13654
3742
10897
9480
12816
9378
7943
1171
54
5096
712
6962
11964
2965
6222
4093
15111
2678
3125
11113
13944
12245
2194
2218
3247
10383
4848
10715
11670
9789
8250
13082
9126
5863
4774
5614
7542
8587
4094
366
2222
3952
12860
8346
4788
9448
425
6295
11825
4856
14765
3412
9265
14449
3984
5490
13194
8418
4353
5968
493
932
4839
14012
13019
5472
2615
11791
3781
2734
13639
4517
11649
13136
1842
2144
8828
9390
5158
8102
3256
13563
9732
11123
8113
1120
2184
4265
2806
13850
9477
13166
8622
4826
14837
10350
7810
6343
5479
1103
5862
4059
12568
7757
11177
7262
7892
2098
5841
7408
3409
10843
305
2662
4208
7000
2966
9536
2961
14929
14571
14489
7431
3784
14995
14093
10932
10891
4169
2400
8386
14303
11816
14856
8799
9784
2214
8863
8864
11886
9421
13198
12616
9419
6315
9456
7432
4257
9844
10379
7414
1628
6504
14764
13053
4241
14042
9540
12780
12219
12986
10009
6225
8964
10727
9685
5623
8937
1705
10199
422
3109
6800
3027
2562
14177
6552
2131
9417
9730
7761
1664
9475
8252
6984
2149
2515
8736
12671
13052
2032
3889
10058
304
6947
11187
14658
6223
9241
7705
2054
51
6711
8591
14982
7006
15074
13255
3602
3251
13018
2213
498
7197
1399
3368
2225
4351
11804
15072
14684
3554
8829
4829
3228
5423
3361
8649
11091
5482
3257
5030
10134
1003
2563
4474
421
11774
7448
11957
3411
1698
5800
11681
506
7199
1470
4840
13865
5704
8774
11293
12250
4058
2560
3605
11477
6164
11930
5709
6980
7641
12309
4162
4678
4689
2593
4331
9054
8988
130
1645
248
13309
4520
3360
8977
2850
752
2165
3559
10514
1156
6804
3791
951
10436
9900
12807
4777
13185
14923
1569
3364
6707
8676
10398
10078
12686
5028
13056
5946
3612
3633
11132
9396
1895
622
13183
9231
983
3297
3571
3780
4476
9046
3978
6988
6944
9608
11122
10202
12108
7714
334
10416
9032
2107
3683
2045
4493
4795
6846
7418
4177
124
9001
14996
11363
1604
2673
7441
14430
13697
14723
8455
7504
748
4549
6462
2078
8217
5127
3393
12537
5196
13048
12484
14634
2887
14405
9828
9465
497
2865
10910
10702
668
4741
613
8681
2211
14
11848
12666
814
9044
567
7993
11316
10721
11251
11372
14526
9523
3930
6913
9438
9774
10274
11597
2050
6875
9067
8421
13305
7124
5821
14308
2440
13116
14038
4446
10451
4547
3700
6785
8288
13463
7648
10025
7911
4273
12812
1543
14190
7417
10382
4360
3365
8980
3542
4746
3625
1161
4087
12528
7707
11356
10834
13000
12831
1659
7211
14827
8815
9039
6234
10515
11714
7642
8739
14376
2117
8494
14374
11937
11756
2041
10524
4534
4097
11102
2365
4749
9878
14254
7133
583
13253
8255
7639
7777
5915
539
3180
8677
3902
4699
10827
13359
2732
10980
512
11674
10183
487
11411
15101
14418
4696
5570
2453
1761
9224
7893
4817
7595
13296
5173
10808
8008
10689
14610
13764
11205
3316
6353
3122
10538
10537
3424
8914
7873
1438
5159
6891
4728
12630
12443
8928
4731
6705
11755
10656
7265
8095
11161
14906
13155
4444
4550
1092
4798
4246
7539
8600
9043
6991
4757
11138
10600
8259
3615
14205
10593
12988
14591
14545
4564
11880
458
14331
13489
1572
14776
13033
2916
9268
10732
4899
330
6752
4641
8408
10363
6101
9191
5790
7915
12645
11620
4107
4219
13304
911
1090
9497
4543
10191
11535
2773
3644
430
14424
11621
189
12869
955
4611
14962
6740
2094
1847
7919
5267
3575
4196
3001
479
4018
14755
14922
14201
2777
59
11120
14083
11900
2049
6916
2204
14829
11229
9436
3770
4703
11465
6056
1394
7072
14184
13057
3036
7294
10749
3353
10760
5788
13129
1959
5559
2776
12308
13923
1896
13164
71
14380
12383
2215
5160
12248
4178
10833
614
12569
7843
8872
13055
10950
6443
10305
8579
14179
7875
10060
3019
5033
11675
122
1158
1381
13845
1512
11752
5025
2714
10228
13250
4285
11124
8495
14387
13170
4433
8995
4739
6949
7823
11391
9425
13249
5161
8632
4050
7578
12614
1716
11276
1740
610
5484
11782
8715
13226
10606
8661
10740
10421
13737
1627
4475
11109
8220
73
5366
984
6879
3047
1582
10026
1228
13607
8679
12342
369
4773
5557
5463
14553
14738
5325
4028
14894
6095
9018
5719
7410
12652
12365
14209
3677
3715
14993
11318
3714
912
6869
5273
3223
11160
12024
9854
10595
172
1179
11324
7904
3906
3436
5390
8239
6953
10651
6893
9948
13779
4927
1934
3680
14781
13970
12945
12944
3243
3384
2438
13635
10926
13592
6141
13403
2259
4091
935
13634
5542
2356
13432
14589
11247
349
695
13719
2351
6268
12434
11996
5271
12291
11250
11982
5743
10103
47
11769
3010
2536
14067
4462
1432
14429
13577
11594
1951
12943
6275
1009
13632
2099
3330
1022
3881
3535
2707
15041
6883
11351
10465
8214
12333
8580
6912
14265
6250
1712
10180
2307
8581
10659
3000
6488
3337
12238
3380
7899
14063
11021
5705
921
966
6261
12459
11473
7301
9187
11217
9499
1480
12241
13914
8123
5279
3056
685
12430
5807
5599
9213
5120
46
12242
176
1400
650
5877
2004
11683
148
5149
7345
6118
2175
11518
10167
14259
12558
3012
777
1142
9585
2423
2845
12332
14365
4552
11001
2176
6000
1836
2478
4110
11580
3131
142
14056
8234
2817
5051
2199
12336
1661
22
2192
11516
7661
13608
14737
9949
6698
2708
1478
5347
14285
14669
2398
5242
7767
4099
14824
11758
1945
11017
5973
3558
10007
13026
13203
6254
14393
11401
7285
6227
1912
4426
2306
13631
1720
14018
9877
14045
10147
1035
13384
836
2958
10942
725
3951
4650
4456
2604
10594
14751
7605
3443
14814
8920
14485
1301
9959
327
10824
12427
2921
13481
5708
901
7324
78
11651
3296
4965
13513
1028
5471
2126
5074
7319
11261
3948
12222
3878
7425
5406
5111
6181
14050
2040
11888
12461
9166
1523
13694
13594
3510
5412
7515
12733
3067
4616
5865
13478
9753
2353
14320
13812
11961
12551
12578
14443
5109
8053
11588
6178
2095
8417
14011
44
14238
2463
5607
8419
8821
13790
11204
13754
12181
4120
11022
7616
523
892
5975
217
344
10924
6758
2719
2745
4629
1583
9568
11348
3281
13459
13710
809
5079
3008
9330
4676
10005
7182
14846
6744
4578
4974
10221
13477
3011
14805
2925
5037
2780
3015
1688
6201
249
5737
3304
826
904
12088
13823
878
6058
3136
14062
10046
160
8791
12473
5121
8230
12207
10091
7857
12098
4126
1906
3318
68
4492
2999
5692
13932
3432
4972
14596
14483
34
14028
9502
14439
3002
7466
10187
1800
2902
13449
12246
2005
7607
9146
6730
10501
11028
1242
6505
8362
2143
8156
12625
14442
3187
14305
6369
11695
12172
14992
11240
917
6248
769
13597
4140
12346
10560
14410
7255
265
2281
1778
12736
11521
6957
981
7798
8064
4897
6251
687
382
14605
3538
10641
13695
14980
14581
6366
6123
11105
6867
5809
5847
8444
13008
75
8051
6311
1530
11622
2663
2246
3401
5117
2612
12669
9075
1808
8402
1581
7397
3079
4115
13918
13407
12192
354
10040
5427
808
1223
2502
11878
7337
12462
1419
14663
9133
7251
6231
2308
4350
14799
10428
10506
13295
4931
7416
9089
5303
2610
1130
7655
8047
8034
14878
8009
14786
11414
2294
13347
13665
3894
14597
3887
4232
3390
12924
6652
14344
11517
5114
8316
461
6279
14847
13257
2722
1472
14264
12753
12232
973
5137
1621
2085
889
5068
11599
8738
388
5883
10807
6955
10069
14638
14728
6368
5294
13266
2649
9094
11278
5974
9603
1350
383
14267
1910
6365
2758
5102
14213
2250
13267
9083
3886
8438
1138
6725
13103
2418
6866
781
13628
6995
2103
11146
4497
3855
988
13080
6334
12622
2380
9204
4960
14409
9088
7430
1801
1502
4491
1341
12977
1629
12916
7608
7710
212
4240
8187
6619
7264
6278
8043
13980
13234
12317
10527
4299
6019
10108
4998
12880
8777
9498
14798
13124
13653
965
13981
7270
4148
4237
10723
13433
209
771
1746
10294
1390
6973
815
1150
3134
1219
2875
5115
3016
12914
4029
12171
832
14813
10658
8435
6253
8971
260
566
11194
9920
3149
13439
2255
1500
14332
14970
11268
12953
5673
6468
4239
8954
5622
12811
13780
2151
1027
10905
791
13605
14245
831
1777
6329
7195
5104
14673
13701
8367
10627
9020
13179
2277
12092
9601
7482
13953
12048
8901
7015
4882
3936
8305
1862
2332
14808
5099
14447
7154
3295
5810
14675
1926
3528
11650
11429
8055
5672
5868
7516
2876
438
13101
10955
789
45
2446
8070
1911
843
8080
7190
11869
14750
5165
9127
6928
11717
10121
8744
7
11117
12619
4347
14624
3763
5475
1662
11072
11967
12748
11345
11361
6526
992
14403
11094
1596
6076
13416
11065
9801
11540
9780
2302
12855
12417
5967
8793
4758
8693
13727
11574
464
7388
11829
6038
3061
11376
235
1324
2123
14440
13221
470
6072
11654
10039
8091
6119
12623
13610
2779
13017
13287
6952
14297
2323
1129
14021
2407
12879
2318
7447
13329
171
1000
2319
15017
10790
8612
12386
5569
5335
5193
12495
3068
11721
9050
8485
6602
2693
14113
13211
2611
3638
9852
13589
10292
653
7619
8260
2053
3342
7288
2884
14752
9781
8673
5982
4364
13698
2517
8310
12588
3941
12942
13706
14692
5830
13493
10272
14257
11505
9324
14496
4716
2546
2303
5464
4068
1063
5451
3482
5470
7508
13498
9675
14830
2201
10271
7095
9161
14003
3578
12653
6975
5779
6189
1601
7551
8583
2838
8997
6362
10911
2237
3006
11460
14559
1520
4388
9736
13553
13143
4809
245
278
14039
8866
12890
3005
2618
5881
3533
9981
9380
3454
5723
12190
5491
4709
11986
15020
13879
620
5428
6404
12380
2535
6514
6382
1272
1194
1970
5384
337
4269
8844
13738
2443
14916
6788
12454
877
6027
6773
5931
6584
8471
6767
11396
14952
5983
7662
9670
7472
5060
5583
2471
13417
6794
4766
13673
6564
9482
10083
5995
759
9967
7846
8691
1973
9429
14570
3233
11112
787
7086
13210
1033
7590
562
10454
13038
14132
12950
8364
9917
13740
1892
11457
5551
5680
7663
211
11336
1328
12103
7078
13073
4748
6789
9013
13071
13072
10923
3293
5328
8585
5212
13328
5287
6799
4772
14725
11482
7164
886
6188
13582
5947
13364
9689
3988
9397
13357
3826
13465
6828
6660
11130
2945
13943
12585
9476
4513
2489
1717
2968
13023
13145
5795
13254
8376
4940
12836
12156
2230
3345
10691
1078
3075
10043
14682
151
8291
1485
12520
13112
5183
3305
9134
14657
14404
13735
1104
4415
12406
2621
13291
11624
9731
7992
6961
6780
14677
426
3388
1442
569
13540
9849
2567
2564
9201
6495
4317
12724
11468
3745
12354
11669
5174
7536
3273
10298
11846
10863
7872
3924
1882
4412
4771
8273
7752
4529
7735
6524
4249
7725
14934
9768
13521
11375
335
3977
12460
10610
13126
12980
8584
8956
4759
5419
10170
4287
3959
9696
9795
6940
5957
6914
5515
2767
3726
4124
4691
1437
14505
7736
885
2177
11338
155
12421
12110
2048
11461
1160
14668
13538
11238
2639
8544
2357
9840
8548
2227
7753
8441
3950
10203
2620
4310
14009
10935
4369
2036
758
5681
8746
1974
3301
1498
13434
3143
8107
4367
7771
6581
9290
14620
11835
10901
12350
2315
3028
8747
6077
11374
429
2697
3128
7228
8627
9605
10270
13358
15023
3759
13390
4723
4108
1220
13251
14655
13215
118
3268
3760
3867
10337
10819
4962
1312
11183
8831
12938
385
9125
6147
3613
2197
14696
12062
14041
4892
12193
10243
5812
5499
4013
8976
4409
4399
13948
9946
2962
10713
4035
10738
11792
5562
3447
13787
2209
1843
9848
11887
242
8328
8674
9886
7460
6116
8208
9312
9767
8311
9300
3942
12952
14953
14825
1925
5581
4119
11933
4084
74
7671
2983
1289
238
5653
3252
12570
1702
12689
11793
5637
1651
10445
8476
7405
1183
13832
14422
13645
11847
3640
12905
11750
11476
5657
357
4411
4077
4019
3071
9711
926
10844
14428
13958
13386
13371
463
8527
12478
1838
11906
6341
11834
14613
3517
12123
3779
7503
13942
12993
3735
624
12138
14676
4913
13855
3346
6124
786
8415
1730
5589
13798
13374
5736
7625
4366
8794
6701
14880
13128
12189
11420
12273
5860
6811
3032
13444
8142
12863
9233
14749
2195
3508
3176
3272
11911
2124
8368
13122
14136
3757
5019
2836
14256
3341
5198
11491
1157
1515
5745
1118
1062
1290
6351
4713
12792
12687
1812
13006
14421
13233
4693
4683
13131
11701
169
15
962
11131
4922
2832
4708
13189
9452
5789
5446
2241
2608
14366
2152
3873
5432
14299
12852
1061
5930
11128
8410
11806
4968
6645
14343
10076
14025
7305
5235
8637
11231
14739
9807
4802
4413
8501
8949
6105
2885
450
6821
6657
8299
9269
3659
5977
1323
6831
13555
13268
1822
755
12162
670
6815
13925
353
3926
11095
5253
11073
9657
9372
13308
5909
3460
13256
4495
10064
5035
14342
7177
2158
276
13473
14472
9284
3170
3267
10904
6002
10648
3789
8942
3737
11623
4625
3141
9503
12086
6747
1468
14345
2554
14047
5272
5549
4545
11148
14065
3738
12649
666
4047
11042
9040
13992
13130
8427
753
686
5041
5147
5234
3903
10588
14046
971
699
5465
5086
510
4726
9572
5496
5544
6768
5031
12701
14312
9550
14621
14766
6778
12851
12475
4272
12814
9442
6104
392
14562
13575
12979
4888
12784
11327
985
14718
4871
3094
12940
6819
4806
3355
4895
8342
5731
1216
7620
12665
1905
10231
13454
11346
5504
9320
5166
11397
11156
12758
623
14801
6672
14616
6055
3481
13036
1700
1719
7628
1164
6325
5901
14185
1396
12384
6517
3069
3748
12455
14820
10829
4687
9304
5248
1979
4762
9392
9683
1344
7077
7878
6771
8140
7814
4070
1111
9433
5226
4046
6683
1723
1288
648
9787
7769
5871
6829
1643
14413
15058
13887
4987
6128
10564
11716
3753
12742
13307
12800
11019
15107
5528
2896
14070
1689
10225
10443
2547
2857
7241
3819
9214
2986
5754
2012
6023
10717
12504
9620
11801
5124
11271
6317
9493
2730
9099
3730
5110
1947
11664
10888
13568
33
9843
1413
13803
879
2178
11303
9175
6658
9367
3051
602
5214
5215
8017
149
11263
11697
3728
9514
12431
9513
12638
5394
8788
12510
5546
6503
7949
4675
8433
13861
1065
14678
14074
447
5577
7128
2913
7235
13770
3442
4681
14487
3278
7162
1110
8309
13415
8122
2996
12335
10260
13731
12178
2508
11413
13316
14239
11723
13951
4695
6088
3410
3617
1887
11698
11884
3976
4800
2617
5596
7666
14183
3309
12491
11093
11975
11184
1264
13141
7677
14842
8139
3691
2522
8422
6530
6386
3550
3973
13799
664
1573
4025
7848
11832
9809
4819
5418
5473
3092
3022
9735
8540
2139
13573
2868
12102
7226
2532
11233
13668
12559
8635
8663
12076
9447
3433
14027
11103
13892
13891
15016
5382
14304
129
2523
14400
856
5421
3024
12169
8424
13515
12939
5495
12765
13808
12654
1147
964
13590
7719
8245
10952
1188
14694
11107
9115
4522
6871
13157
13765
942
12567
6314
3386
8401
12109
4858
8640
11822
445
3560
11882
12891
11343
277
12694
13528
9797
994
1081
13558
14468
6394
5598
2963
5225
12476
9576
1280
3616
13537
9835
8805
6575
11779
14463
3960
1587
2077
1080
6390
3520
2472
2410
9879
10086
1734
7087
15039
4065
6852
3157
9037
14951
1855
348
3221
6392
6391
3716
9901
14724
457
9718
13506
11359
11265
4014
2883
13013
4072
8448
3531
5383
10044
14531
4770
6797
6772
13717
2898
8287
13690
4767
10048
554
4252
12202
4884
1239
3776
592
1924
3359
4355
5369
9259
7096
4692
9060
14085
2074
2231
4947
9952
3087
7698
11702
13939
4510
11639
12436
12562
9991
3782
11811
4787
14858
13396
179
9541
5507
4885
14195
6921
929
5238
9709
5402
437
10899
1750
5585
11960
8993
3945
6370
11736
2411
11071
6417
6608
9964
3317
4363
7389
2148
227
12047
6
13659
599
11545
1657
5803
6651
402
4174
11252
9750
11393
14769
2843
12194
7100
1418
7371
1609
9544
13760
4295
1481
2788
4154
9147
12728
2038
8308
11446
11241
11617
3661
10939
4887
5322
12322
14768
14849
1238
5727
3060
5207
4096
10892
14368
1417
14574
13079
1077
12688
8781
3018
3306
5907
6632
2482
8062
5875
7673
13954
3014
5340
4328
9023
409
12590
2331
12453
2355
2381
3381
3646
598
14497
14568
692
6490
9591
14617
14791
7361
596
7381
7105
6372
10032
3029
4142
12226
5002
11203
12393
8754
8506
9546
13650
7126
2802
9481
6319
3108
13232
896
1041
7457
6139
6028
2818
8857
9705
1606
4145
13712
2544
3052
8808
7852
3181
14431
13835
9614
14561
11443
4912
8786
3588
1258
11305
12215
1814
10625
5084
3814
3351
1314
14637
9894
9406
1260
5601
1729
10471
10864
1053
8238
12315
3080
14659
9694
9577
12285
4225
7187
1697
2358
12646
4764
2497
13936
5404
1276
14701
9715
5668
8404
3495
10970
3277
3596
14998
7063
5190
14283
14392
6022
7213
9457
1957
9815
9712
14535
10342
5965
4879
9373
2336
2953
7295
9332
8450
13834
11353
1727
3366
6642
9671
12668
11143
174
9834
4100
8732
2849
10704
6061
10747
5112
14733
9468
12249
12042
9041
1128
3568
12903
10746
8562
256
5380
6576
2070
551
9679
5573
4111
2978
8198
12441
13733
6182
6080
12675
5381
5333
7175
8321
6140
1585
8812
1112
13802
14211
14578
5702
14412
11379
5511
8882
3672
11354
8300
8235
10872
9988
4106
9740
6567
11332
2979
3532
2641
9723
10239
2020
9306
444
6793
13134
11408
2087
6179
8989
12314
181
14630
6403
5720
5603
10557
2808
5142
9403
13551
7861
12856
9769
8416
362
5125
1528
10940
13648
11557
5227
1907
14567
9863
6469
1816
3276
12414
10921
13872
6549
12531
5264
11633
6942
2354
9483
9853
9382
3854
14071
4172
7721
351
9672
1742
2412
4430
636
7871
2335
7701
2003
14016
5095
11007
1803
603
573
4255
11006
13484
6965
605
13771
10918
8290
5066
9903
2334
2793
2162
13626
1391
11000
11699
6026
2709
10657
1559
5293
7863
3310
133
12813
14833
5538
3956
13419
185
720
2
4958
5597
7423
3246
8538
5318
10737
2685
8388
2813
9303
8751
11256
6187
5097
10795
6376
13428
14888
14315
9410
12078
1837
14017
14064
5356
13854
3871
12271
6008
1575
14327
3643
1840
14124
3232
6562
10565
6029
7727
6923
11780
5374
6379
9073
1329
8365
15086
9346
5332
146
85
7817
1010
10774
8360
226
2796
6156
12363
12045
5143
5724
396
2981
14309
9939
6021
14587
3792
632
3374
12985
11003
8374
6373
6674
6569
7953
1046
11202
10092
9281
13363
9408
1532
11547
5422
12349
14622
5067
8236
6599
8420
8052
8941
225
11637
1673
14293
454
9580
12278
9966
9606
8061
12292
1047
6398
13487
5933
6180
14379
5452
4995
12163
13946
8071
2710
14821
4089
3192
12148
14861
12450
7613
9871
2060
10931
14288
7248
10644
6009
3990
5521
3322
13621
5206
12560
14644
10788
2121
1393
5488
14061
4223
897
3150
6838
7083
9074
12838
6585
13772
13244
7103
6548
9239
11004
177
6410
8710
11015
6558
4472
3982
6192
12487
3241
6313
4499
6333
7038
8690
13671
14527
13501
14068
10290
5013
9286
1704
12480
6233
13201
9755
5239
13864
5638
4432
3703
11186
1929
11563
4419
9295
5776
14683
13230
11500
10217
11088
3803
6071
11373
9236
528
2939
3806
96
13199
11926
3212
14963
6150
11898
6091
7243
5760
6057
11896
4459
7348
5420
492
11658
14618
12390
12896
3239
6994
14572
9998
3810
13113
4512
4961
13687
1169
104
134
2934
568
868
11426
9200
9119
10159
13207
11522
8180
11344
6654
595
10377
1006
8283
645
736
3698
12233
12397
8002
4164
2701
12010
3653
4936
12403
12327
12213
7344
12052
5761
1207
4935
5219
5185
8835
3525
12678
1181
14947
12003
11989
3130
14565
3566
2820
1484
6945
5972
13333
11550
12022
5129
9385
100
9851
14734
13095
7548
3292
11696
11738
180
1155
2696
106
3931
626
9205
14863
14444
8702
9484
13523
11899
6537
9137
12846
5707
9331
2100
14492
1261
6185
10279
3771
14554
3178
9770
14111
10013
12401
9118
669
288
13208
5338
3654
8019
14157
11448
10948
8151
4418
12404
1428
7685
12710
3496
7629
4040
13596
2841
5407
7036
2569
8254
12170
12910
7037
8669
465
14158
170
14599
14586
1050
11371
290
10933
10934
6560
14145
12072
7029
13813
13552
12015
2852
11798
123
9607
5679
10846
7760
14290
10357
2034
7711
55
3468
10042
3329
2394
2374
6926
14250
761
214
103
9207
9995
3004
8557
11602
5454
13826
5796
12789
8848
714
3707
7003
1894
9208
7610
1166
6170
12151
6158
12376
5555
9625
12777
1313
9189
3866
12853
14607
132
8558
10697
1298
5260
6330
2056
13642
13704
9747
3204
12957
749
11277
5015
11350
15021
13682
2516
14216
15022
2343
2715
2686
11901
10739
14116
2367
14069
1872
4362
3772
5229
9751
10845
2920
3975
4554
3721
13703
13507
13681
2339
2670
6014
1626
1370
14879
7922
8696
3033
1780
584
4336
8886
11191
4392
7675
6665
9619
13499
9658
264
9010
970
11043
8542
2436
10093
1305
5928
14126
98
9188
3242
1163
3189
3188
7756
673
12566
6997
2434
4420
4684
3704
6016
14753
9009
11762
5247
7419
15105
13486
3138
10779
8411
5839
13352
10281
11046
287
11045
14514
6113
6941
10047
3279
8464
5441
6419
2803
2804
11603
10284
3540
4909
13536
313
2839
2994
6003
1524
5843
7092
12377
11665
1246
13732
8845
13093
5621
1962
3851
4377
12407
11053
9885
3849
7025
10094
12416
1422
12752
8769
10649
10838
159
13422
14125
7250
13431
2433
6830
14883
7507
2933
6280
8000
5844
12899
1533
4422
13240
14072
5170
5503
11025
4278
13876
7526
119
8924
2643
6073
11548
5695
4984
11812
1086
2239
13393
14235
11910
13584
4975
3775
649
1888
1725
5643
3457
7683
13227
3825
4903
12664
6684
9776
11559
11564
13862
4201
5578
2405
13241
13002
2396
135
5232
12506
747
11070
13400
3184
6125
3972
13394
12261
14864
13368
2375
2827
4926
10949
6948
8157
2801
1487
8847
1
3156
9325
3840
5498
8951
13829
14708
4541
270
10263
2918
2869
11242
8730
2350
1527
6285
14495
5956
5034
3376
3158
12631
5648
10065
12188
6429
21
11583
11584
9978
641
14536
393
1038
5763
3767
12053
9930
9996
9940
7544
9719
9582
9698
4004
2826
10936
1297
8906
7290
8190
9915
1231
689
2577
13836
6441
8318
7944
601
3201
3582
4048
3843
14152
11002
7741
11011
6015
1940
10077
7521
1942
6087
3063
12739
10718
12413
11341
1409
10356
13843
7302
6649
4337
13382
2431
13848
5911
5600
220
102
13964
10991
10285
12483
9935
8723
9030
2831
14112
11904
336
2956
3839
9622
2362
5313
5963
8372
3743
7398
3240
9823
8246
13456
2269
8390
12775
11502
3706
6129
5001
1079
13420
3997
6555
13860
2267
7747
442
3519
13578
1783
6039
865
9973
5671
9487
1993
8343
7350
5132
7486
10372
9836
9470
14446
5082
312
2881
8486
14036
9435
9764
7098
7532
8207
10313
6035
9180
11710
13550
5309
332
7618
15098
10330
3145
6309
6447
12324
6587
6172
9969
2274
10906
10873
7343
8965
8938
9684
9393
9437
12412
6976
11309
4009
331
3274
10550
9471
6171
8469
184
14782
6144
2587
1148
14382
5895
7183
5939
6041
8532
14686
1672
3452
8855
9839
14098
2059
1073
3954
858
11149
5449
11678
1114
7062
2328
10483
58
2345
9624
3200
11642
10182
12791
5063
13897
1224
3484
1514
10215
6686
13856
5396
7621
7651
11442
8881
7155
5617
3209
9602
11430
1987
5641
5666
11907
3518
2266
11741
8026
9803
10316
13928
5714
5716
10226
11657
13132
5513
11852
11135
2146
14316
5552
6363
10071
4923
3953
5319
5730
11640
11873
9972
7106
11452
5665
6496
10070
3394
11330
9837
3133
14207
1599
6283
3601
12966
3367
14122
12681
5476
9644
7380
8624
10693
12750
4033
6898
13908
11464
12756
12012
3962
11819
13348
7016
12129
3283
8138
9454
9812
10849
8606
2880
14214
9975
8510
1049
5331
10840
12366
5553
8141
11210
9363
10736
3632
9547
7173
12482
9659
9374
443
5375
11660
1823
6550
6694
9850
5509
8713
5443
13620
4021
9479
13742
6079
9704
6688
1023
3514
5640
1116
4505
9405
1721
9773
2462
8633
705
11840
861
11444
3581
5953
7646
3065
11084
11856
9399
3077
4319
9697
2490
1263
5205
12180
7640
14551
153
14631
12305
12787
5996
14084
11885
1863
5431
5007
1986
1513
10997
9713
14402
12486
6522
7238
12395
9411
7237
9181
275
4231
1667
7631
9555
8850
10262
7860
5220
12075
9462
1192
13176
5969
1866
8172
11050
12684
11889
8712
1001
1728
10219
12503
2271
407
12507
8879
158
3928
14598
6161
2346
12882
2889
12154
408
7780
6697
7512
14408
1578
2632
3086
11005
3217
2458
2296
9375
9842
6499
550
1268
691
13585
6064
2636
2629
12247
9402
9707
9666
8222
11942
5459
13909
12470
4938
11066
13204
5415
3998
8465
8962
9942
5903
11573
952
10764
319
8934
13796
10770
1921
10349
1030
6877
7497
5888
12530
2240
14614
5022
3994
5628
9650
6516
9368
2957
439
6339
9196
3049
13554
9474
13598
14167
976
2465
14763
845
13853
4343
8490
1159
6903
9386
9680
9545
150
3147
5064
7091
9339
11551
14391
10476
6573
1652
8130
2258
3790
8577
9516
3395
6471
9537
7792
11552
10165
10852
489
14590
1763
11014
7340
6409
1542
3497
10035
12517
6431
8616
12959
880
12135
2342
6540
587
12394
5613
6907
11566
6387
13557
14197
6580
8858
10871
11060
15097
853
14601
6774
4694
4062
6687
1353
289
6814
9616
4796
1603
11034
2520
8351
12147
6769
8203
12965
11553
11466
10563
13709
8537
3697
12994
8509
893
10825
3196
11469
2531
12073
11471
8959
14155
7991
13901
4786
1607
13783
13421
10085
6112
8478
8301
10605
9824
8960
11729
9280
12538
3754
5576
11049
3205
11833
13781
13178
7569
1091
6561
13450
2251
12586
6563
7487
9520
11946
5520
12262
6790
14144
4109
11255
3545
2402
8897
13904
1937
14088
11507
6681
9061
5642
1144
1076
5798
13926
6375
1277
7028
10196
11129
2644
4056
9810
9453
13896
5609
1256
14453
9992
9141
9974
10988
5058
12657
2824
12176
3286
3488
6320
12037
4256
7884
839
9652
13269
4384
6719
8610
10300
9257
2747
11508
12243
3285
11118
5560
9758
9432
11759
6440
4760
8931
8608
6066
1057
14665
3569
4136
10344
4481
14537
5168
7524
8206
10124
2894
6132
12883
12881
8818
2498
13917
4123
13560
6842
1162
1738
8125
9790
9445
2474
7021
7976
8758
1098
4352
13625
8856
6610
13442
3224
7934
310
2008
14615
6572
1654
14956
8244
7794
864
565
5942
978
10877
7157
6612
10002
10333
1765
1995
3191
10769
7936
12448
9469
7527
4286
14165
5358
13544
10787
6627
8174
11173
9982
9355
9635
8541
13237
9451
2527
12449
12155
5222
9720
7844
5263
2529
14800
3944
11799
11236
2461
14793
954
1873
13457
11307
6480
5191
314
8641
7793
3591
10870
1331
5548
2666
15018
7040
967
8784
4487
14945
13083
9029
9017
2908
2648
12299
8520
1767
3081
939
1865
3271
10561
139
1983
11544
5184
8331
12499
8714
7342
7784
12628
6168
12112
706
7564
5003
1928
7201
13797
5661
5960
5684
6784
6882
6425
11166
297
949
14832
10241
11661
13884
10125
8561
14836
10832
1201
3786
10677
7033
13340
10194
3628
1529
10003
11119
12133
7975
13873
7026
13058
14035
533
5435
6420
14550
11893
3512
11467
6479
13282
13664
14969
743
6173
9865
14022
9653
7471
13088
5468
13180
8787
3467
11101
5644
11938
9968
7357
11902
10153
8205
13883
6529
11734
5268
5910
10373
5691
12464
4951
7034
10900
3437
1939
1694
11920
9274
5296
13351
6133
3336
11264
2444
5955
8491
4405
5645
10716
1165
8406
10385
11777
6993
6884
13177
2439
3194
946
1131
8991
7988
9554
4519
2285
15087
9220
10
1831
1980
11100
8371
27
2280
3097
9548
5478
8178
2457
3969
2062
1052
13004
8048
13133
4101
5616
1463
8778
7477
1819
10830
8336
11451
9279
3572
13153
5169
13470
3225
899
244
10684
4511
1832
9943
2568
254
7181
10268
11450
13137
8539
2893
5519
7402
12268
126
7022
11568
3783
1699
1209
7069
14451
5938
6344
11283
7353
13869
11953
2823
10608
5433
12693
1473
4150
8963
9642
2401
6972
1336
7300
13809
6013
3338
11685
2970
3675
11387
11235
1115
10869
4129
5010
5450
1177
9420
9739
9400
9703
5057
3450
10874
1718
9870
2212
4135
43
882
14120
490
7449
12225
1668
11556
8202
14143
13833
2031
12545
2783
9874
12635
9817
1537
11809
9631
12425
8378
6060
6693
719
6246
5497
7476
8511
5952
12359
13505
5935
8500
8760
5339
8370
5688
8313
6531
6931
12122
14166
12400
1669
5359
12360
10089
883
14604
10811
1398
11855
3501
13857
19
7538
2422
10754
8428
10907
5823
3025
10920
12420
11724
10707
12601
2481
870
6137
11127
5285
10867
12216
2631
10734
9630
13100
1308
453
14479
7959
5360
9838
14761
1871
9927
5646
9063
4151
2368
6689
5981
11555
13485
7693
10813
2097
12144
7928
6427
5237
4855
7553
8377
9859
7978
7596
6384
11378
9341
7123
7191
6520
7369
4482
2157
3407
3369
6361
8323
10978
14118
8128
5667
6678
13734
14078
5236
7468
7421
11035
3349
953
8462
13188
8359
11199
3590
1802
8703
2797
1617
6356
5073
14983
3861
8790
8137
8894
8986
10304
14445
10324
11492
4105
3877
8499
10414
3023
4037
7010
7056
5218
13556
2798
8753
14219
6556
2007
1794
7921
8800
8822
8093
13601
6881
6106
14627
6357
1249
1766
10433
13318
14626
8899
378
11139
10875
11611
13418
11634
8405
11576
9056
5734
2326
13429
1791
2341
12706
12735
2386
14577
3095
3985
1610
943
9031
7068
10435
837
14454
857
1412
13341
2301
12303
1565
9549
2705
5756
2588
2748
9673
1531
26
405
12338
5813
5514
6385
10879
9617
10604
7054
8859
7496
8860
1008
11914
13586
3937
6497
5735
5979
7019
11585
13451
8796
6525
13469
6986
144
486
3499
14773
13789
11853
4122
1007
8213
10969
7881
6423
5701
4920
13441
394
2555
9677
6374
3208
1082
373
8883
7818
5500
9533
540
8943
13692
14224
14552
5940
42
7617
2738
8551
14206
1833
6690
1538
1923
4090
14117
6470
8369
4127
3031
12700
11567
14961
13564
8535
6040
11182
11647
12936
2252
13344
688
4131
10295
2785
4344
5457
3040
9994
7307
7308
12257
5312
11778
12235
12234
2952
7803
1222
8972
1193
9210
9034
745
1992
3487
9519
8426
7376
4447
9717
12118
14958
5265
2500
8990
3574
10484
12521
10289
526
5994
9987
6082
6083
14223
1279
8524
9455
9814
3328
11111
1309
8177
8176
3340
14543
3549
936
1250
12509
9508
399
1813
4144
2589
5306
1342
12054
2441
8389
1146
527
10549
4342
14593
9726
9413
2534
5361
2243
10540
8069
6614
8489
3009
8337
7791
9990
8332
12874
3373
14033
10320
1647
1891
1343
8904
9725
14609
4755
14612
11672
11310
12275
12323
5148
8096
5531
11269
3307
12298
7614
6568
13445
4744
5266
4966
14709
3490
14711
3078
3096
35
12785
6218
11273
3614
13910
11593
2190
11299
6629
7134
11883
10854
13446
4496
3260
13338
13840
5556
9116
5388
5926
10927
6700
3046
13838
8227
13619
14946
5694
14834
14662
6659
1969
6807
4053
4781
279
4846
7509
13041
14269
6929
4061
8803
3547
6367
12005
4051
11039
574
9728
14007
14941
9804
8636
518
3469
2030
12410
8361
10703
10694
517
9825
3070
608
637
5832
9414
2021
9676
11909
1293
14509
11531
2044
8884
9613
570
12840
11511
5575
13490
14767
847
10696
3981
8312
12258
6162
14101
5405
9714
12474
11041
9857
4321
8272
9741
6160
8163
14523
12973
8285
12239
3705
11168
4756
2430
12463
4027
3331
1197
13152
2972
14606
12467
1884
8168
125
6706
12105
3916
4095
11342
5230
13520
7246
10544
9765
1056
13818
1054
4423
7005
12301
12141
2556
14294
9473
3983
3362
10441
9906
14023
12976
3363
3794
11083
431
3038
9575
14619
12090
11209
12128
13729
5744
10345
11212
4012
3344
1025
5615
5289
13229
10422
2028
13139
9049
10673
8423
2559
8625
8907
14747
14089
8484
12
10277
13151
14188
3091
13330
137
8261
5298
8393
5032
4930
4221
14370
9993
12508
8
5213
11380
11208
7627
7522
9278
12069
5493
3813
12058
12672
9618
11311
1927
10793
12120
161
10581
3485
14579
14241
12095
11232
9216
5329
10224
6405
338
11364
2089
9738
15035
12321
13618
13381
4732
9140
14573
7739
11474
14105
1827
2507
8264
3161
4996
14521
7454
10573
9645
12747
11319
13042
12033
1339
9298
3929
14384
6155
2464
11735
13452
9947
3857
11214
483
1199
12399
2198
12802
508
9919
2951
13529
14026
11162
4054
3682
2948
13021
14488
8695
2810
14130
14643
7461
2664
519
2541
12011
3486
5502
395
884
14473
2043
2404
7242
6142
9427
14176
7097
2638
6090
14108
7413
8911
467
1612
629
9458
8269
4944
8878
11814
2011
3964
2042
10508
14470
9791
18
2120
855
2511
7422
12951
2504
9309
8266
8262
11677
11390
14459
6791
8263
2943
5620
14471
8292
7446
2914
5561
9277
6371
2890
6813
10314
1916
2687
3250
12513
13579
6089
14192
4404
7286
10499
6641
14123
14469
7712
3585
1869
8675
737
10468
5224
5492
5056
5649
241
2075
13509
2847
2936
5367
5918
8385
3162
7558
577
1404
3042
1956
4382
5140
13617
8298
2026
83
9391
2156
6492
2955
552
8352
12755
5595
14168
5587
12398
12872
10985
2835
10273
7624
12871
900
11134
8327
3043
13531
4738
14173
7834
10442
6346
3986
13707
14369
5376
10265
13479
12331
11713
7887
14796
5886
501
5321
10327
6943
12577
14030
12598
14156
258
12479
11874
5564
8922
12334
11328
10495
7165
6310
6214
5344
3576
175
11384
9315
6037
12680
10752
13160
13370
11632
4824
12283
5722
12477
13511
8466
8513
10619
2912
11170
2616
8651
9203
3938
12794
14187
7244
8274
10794
2019
5686
8286
2861
14096
8559
7750
4820
13158
11032
5250
2872
10753
2539
2674
13425
12008
3837
4494
4224
8560
14935
11527
4057
9799
8068
3622
12975
14794
5759
6934
6894
9649
12713
11054
4002
9142
7960
6451
6461
4288
4406
5088
3248
13187
4889
7626
14955
13186
10977
3378
5627
11140
11321
4986
8275
13562
6432
1262
11308
14937
2540
5416
927
1064
9574
105
13196
5447
13281
11773
4339
12969
12134
11069
1989
12587
12972
11192
5020
14335
14746
10589
484
5696
8461
8602
2976
7829
4175
4173
612
5890
11167
14819
11456
4705
4679
12795
8447
9818
2006
13768
7977
13430
13646
3684
37
5401
4486
4717
5698
4034
2238
5537
14515
9771
520
14153
5588
11211
10434
8843
10246
7545
7882
11935
12778
3126
2833
6668
1695
13927
10511
2848
13663
1281
9695
10951
4022
10784
10741
13517
6197
2837
14908
4918
8456
766
12888
862
12661
6541
5059
1714
1878
4080
2002
8271
2168
372
2025
11400
13288
7604
3529
9756
6163
680
6110
3234
14563
9664
7720
8564
3850
8927
11279
8563
13849
9176
7289
13518
13629
6121
14779
9806
1943
1658
4020
12067
1944
12963
9782
3491
12769
6854
13276
14329
12325
812
6908
1834
14162
7586
7392
2101
10961
7256
14251
2208
14907
2385
3749
11449
15046
4614
4213
3836
10618
10312
4227
782
10331
12954
8526
4450
14248
9093
7291
3856
5527
4465
7424
13060
2232
5767
1561
10881
14930
958
7955
4031
2573
4312
2505
10162
8930
14680
10164
12244
6455
2756
7802
920
14913
1648
10885
8601
4934
3899
15080
4643
10450
11526
10680
12843
8079
223
7080
10714
1684
255
10576
14432
2731
6886
4133
13475
5591
11645
13325
10168
13159
7274
4594
10122
9507
4608
9081
6718
10539
10481
263
10765
11786
6228
11024
6454
10548
827
7252
15026
12544
2570
6553
7912
13627
8593
14164
12722
2499
7259
10230
11023
6864
2330
91
13346
7415
4385
823
11454
14877
10490
14411
8060
3817
93
1567
14333
10791
6260
12660
14645
7225
849
11226
10958
1217
6298
10210
10674
1497
1364
192
11818
9117
7119
6438
6401
10766
7153
247
2740
11402
4902
1452
10552
13031
1499
1949
4948
8078
4646
11285
13990
12280
6724
772
1799
11428
8621
6478
13751
979
12056
11577
5768
1972
10142
9144
12721
8045
7297
6485
14972
860
14437
1097
13678
10207
6321
9122
4989
6620
4210
10637
10160
15089
15093
1320
4160
548
8033
9243
13978
7089
5978
14636
7215
999
4251
10583
6755
8737
2676
8039
11740
6270
5769
609
1187
7393
14902
13638
11368
4583
4600
15013
12595
49
7352
11298
11590
5317
10902
10129
6571
997
6734
8692
11216
9504
3102
579
5794
825
7148
10384
6510
5116
10965
1465
205
12388
5765
6865
8748
2263
2130
7079
9599
7867
5770
6203
9086
13745
7464
7217
2574
10339
6457
8680
363
4623
13976
6437
11803
13259
4579
13602
8116
12175
4398
13656
5633
204
11116
12643
14981
4883
2784
4102
6702
6322
1678
7064
7609
4570
7480
3441
1787
14653
12825
6839
4523
13279
11586
10402
829
9145
14539
7969
13752
10675
2814
2417
4479
9168
13776
4509
6414
2320
770
998
4270
8518
5985
7726
4621
10401
10925
12955
6296
13640
7650
13795
14910
14809
915
13994
12895
293
6840
9222
2322
4441
4214
3502
8391
1586
8530
11963
12471
844
6200
7273
8179
10929
207
4354
13549
4442
1439
1687
4485
3627
2737
14014
4666
922
4220
9876
12358
4448
7469
4440
1902
10130
14244
6636
12542
4185
9598
1829
2456
6509
13334
667
6046
3054
12290
13391
10519
4881
11579
9103
7141
918
7838
5781
13583
11572
6834
14838
10611
12344
13121
5783
5820
6240
1683
4215
213
6465
7184
13399
2391
10360
13711
11828
2235
830
246
2057
4307
4452
14161
8333
13989
2477
9100
12876
11472
7311
195
7797
7261
4155
13675
5950
10322
10789
4671
13190
7728
13110
4631
2276
10387
13886
10478
4627
13975
4670
8197
14032
7347
4604
11541
13105
824
8293
163
1841
10954
4490
13193
1797
10440
12714
2113
2437
3980
8204
1326
12281
8065
7061
13156
9627
14911
4218
12046
2786
9488
7778
10520
2819
4866
2106
1996
9113
1330
10311
4574
6736
4526
1781
11284
13365
15036
4525
9337
9014
4665
14731
11164
6899
14494
10884
272
14719
4649
10209
7483
10555
8682
1686
8186
14851
7196
201
8243
8743
4651
